36 0.7262500000000001 0 0.6975 0.027848101562499998 0.6950000000000001 0.05822784843749999 0.70125 0.1113924046875 0.69625 0.1291139234375 0.69541625 0.178903796875 0.66875 0.24303797500000002 0.66625 0.2683544296875 0.67375 0.31139240468749996 0.6599999999999999 0.3544303796875 0.64625 0.4455696203125 0.6475 0.49113924062500003 0.66625 0.5240506328125 0.6799999999999999 0.5898734171875 0.7075 0.61772151875 0.7162499999999999 0.643037975 0.745 0.665822784375 0.77125 0.708860759375 0.79 0.6886075953125 0.845 0.5670886078125 0.85625 0.49620253124999997 0.8724999999999999 0.2405063296875 0.86875 0.10886075937499999 0.86 0.0632911390625 0.8387499999999999 0.0354430375 0.7875 0.020253164062500002 0.76 0 0.7262500000000001 0
36 0.88125 0.3240506328125 0.8699999999999999 0.4759493671875 0.87375 0.587341771875 0.88375 0.5924050640625 0.9199999999999999 0.5620253171875 0.9625 0.551898734375 0.99875 0.5291139234375 0.99875 0 0.8612500000000001 0.0025316453124999997 0.86 0.030379746875000002 0.87375 0.10379746875 0.8825 0.1898734171875 0.88125 0.3240506328125
36 0.5075000000000001 0.855696203125 0.55 0.8278481015624999 0.5875 0.78227848125 0.585 0.7189873421875 0.5725 0.6278481015625 0.51875 0.5240506328125 0.49749999999999994 0.46075949375 0.42125 0.49873417656249996 0.42374999999999996 0.534177215625 0.475 0.7746835437499999 0.485 0.8582278484374999 0.5075000000000001 0.855696203125
36 0.5287499999999999 0.5417721515625 0.55375 0.577215190625 0.575 0.630379746875 0.5912499999999999 0.7797468359375 0.63375 0.7240506328125 0.63375 0.66075949375 0.6487499999999999 0.6379746828124999 0.64375 0.51392405 0.63125 0.45316455624999996 0.60375 0.44050632968750003 0.60625 0.40253164531249996 0.6025 0.3898734171875 0.5912499999999999 0.3848101265625 0.5575 0.3974683546875 0.5387500000000001 0.4455696203125 0.51 0.45822784843750003 0.5075000000000001 0.47088607656250003 0.5287499999999999 0.5417721515625
36 0.41624999999999995 0.8582278484374999 0.44625000000000004 0.85316455625 0.46125 0.8405063296874999 0.46375 0.8 0.4575 0.6835443031249999 0.44375 0.6531645562499999 0.41500000000000004 0.49367088593749997 0.39625 0.45316455624999996 0.38 0.45822784843750003 0.36124999999999996 0.49113924062500003 0.36 0.5189873421875 0.3725 0.6151898734375 0.40625 0.8354430374999999 0.41624999999999995 0.8582278484374999
36 0.325 0.726582278125 0.33999999999999997 0.7898734171874999 0.3525 0.8329113921875001 0.36 0.8405063296874999 0.40125 0.8329113921875001 0.39249999999999996 0.7493670890625 0.355 0.5594936703125 0.35125 0.5012658234375 0.34500000000000003 0.49620253124999997 0.34125 0.4759493671875 0.315 0.48354430312499996 0.31 0.47341772187500003 0.31 0.45316455624999996 0.30125 0.46329113906249997 0.30125 0.5417721515625 0.3075 0.5974683546875 0.325 0.69620253125 0.325 0.726582278125
36 0.22999999999999998 0.47088607656250003 0.24 0.46582278437499997 0.24375 0.4759493671875 0.24125000000000002 0.534177215625 0.255 0.6405063296875 0.255 0.7316455703125 0.28500000000000003 0.794936709375 0.3275 0.8202531640625 0.33875 0.8025316453125001 0.31375000000000003 0.69620253125 0.305 0.6227848093749999 0.29500000000000004 0.50379746875 0.29500000000000004 0.46835442968749996 0.30125 0.43797468281249996 0.28500000000000003 0.3848101265625 0.27125 0.3620253171875 0.25125000000000003 0.37215189843749996 0.23625 0.394936709375 0.22749999999999998 0.430379746875 0.23374999999999999 0.43797468281249996 0.22749999999999998 0.45822784843750003 0.22999999999999998 0.47088607656250003
36 0.21749999999999997 0.7316455703125 0.21749999999999997 0.7620253171875 0.22749999999999998 0.8050632906249999 0.24625 0.812658228125 0.27875 0.794936709375 0.2525 0.7215189875 0.2525 0.648101265625 0.2475 0.6075949359374999 0.2125 0.45316455624999996 0.20375000000000001 0.44050632968750003 0.16875 0.46329113906249997 0.16499999999999998 0.47848101249999997 0.17875000000000002 0.5417721515625 0.1775 0.556962025 0.21749999999999997 0.7316455703125
36 0.11625 0.551898734375 0.12125 0.7113924046875 0.13 0.7544303796875 0.13999999999999999 0.777215190625 0.19624999999999998 0.769620253125 0.20125 0.751898734375 0.195 0.7240506328125 0.19 0.6455696203125 0.16375 0.5063291140625 0.16999999999999998 0.37468354375 0.15 0.369620253125 0.13999999999999999 0.38227848125 0.12875 0.38227848125 0.11875 0.40759493593749996 0.11625 0.43291139218749997 0.12250000000000001 0.49113924062500003 0.11750000000000001 0.5012658234375 0.11625 0.551898734375
36 0.08875 0.708860759375 0.11625 0.7113924046875 0.12 0.70379746875 0.11625 0.4362860765625 0.12625 0.37215189843749996 0.11875 0.3291139234375 0.10874999999999999 0.31139240468749996 0.07625 0.308860759375 0.06875 0.3291139234375 0.065 0.394936709375 0.061250000000000006 0.5189873421875 0.0675 0.6101265828125 0.0625 0.6329113921875 0.08875 0.708860759375
36 0 0.5594936703125 0.03625 0.6278481015625 0.04 0.6202531640625 0.06 0.6278481015625 0.065 0.605063290625 0.06 0.45316455624999996 0.06999999999999999 0.3240506328125 0.0675 0.27088607656249997 0.061250000000000006 0.2506329109375 0.05125 0.2506329109375 0.02375 0.222784809375 0.013750000000000002 0.24303797500000002 0.005 0.30379746875 0.0075 0.33417721562499997 0 0.3670886078125 0 0.5594936703125
36 0.38 0.3670886078125 0.39625 0.43797468281249996 0.42125 0.49113924062500003 0.48 0.46582278437499997 0.47750000000000004 0.43544303749999996 0.425 0.24556962031250001 0.42374999999999996 0.12405063281249999 0.40750000000000003 0.09620253125 0.4 0.09620253125 0.3875 0.1189873421875 0.375 0.1898734171875 0.38 0.24810126562499998 0.37625000000000003 0.2784810125 0.38 0.3670886078125
36 0.47000000000000003 0.37468354375 0.48250000000000004 0.45063291093749996 0.50625 0.45316455624999996 0.5349999999999999 0.43797468281249996 0.5387500000000001 0.4278481015625 0.5349999999999999 0.2759493671875 0.5325 0.24303797500000002 0.52125 0.2405063296875 0.525 0.1974683546875 0.51375 0.1493670890625 0.48875 0.11645569687499999 0.45375 0.10126582343749999 0.43875000000000003 0.10126582343749999 0.42750000000000005 0.1291139234375 0.42750000000000005 0.2 0.44375 0.2405063296875 0.45999999999999996 0.3620253171875 0.47000000000000003 0.37468354375
36 0.5962500000000001 0.37974683593749997 0.6 0.37215189843749996 0.59875 0.2810126578125 0.595 0.2075949359375 0.5875 0.17468354375 0.5337500000000001 0.177215190625 0.52625 0.2075949359375 0.54 0.37974683593749997 0.55375 0.3898734171875 0.5962500000000001 0.37974683593749997
36 0.35750000000000004 0.43291139218749997 0.38125 0.40253164531249996 0.38375 0.3848101265625 0.3725 0.31645569687499997 0.35875 0.291139240625 0.275 0.2202531640625 0.26875 0.22531645625 0.25875 0.265822784375 0.26125 0.31392405 0.30625 0.42025316406249996 0.3325 0.43544303749999996 0.35750000000000004 0.43291139218749997
36 0.5974999999999999 0.2101265828125 0.6 0.2759493671875 0.6375 0.30379746875 0.6537499999999999 0.37468354375 0.66625 0.3291139234375 0.665 0.24810126562499998 0.63375 0.156962025 0.62375 0.10632911406250001 0.61 0.0936708859375 0.5912499999999999 0.10379746875 0.5675 0.0936708859375 0.54 0.1316455703125 0.5387500000000001 0.151898734375 0.55 0.16708860781249998 0.5900000000000001 0.177215190625 0.5974999999999999 0.2101265828125