37 0.5247482625 0.53853371875 0.5702497453125 0.5297982515624999 0.5847953359375 0.537111665625 0.6307460984375 0.506130003125 0.6342194765625 0.4697881046875 0.6169686484375 0.4237879953125 0.592896696875 0.3949259484375 0.555052078125 0.369803828125 0.5207484375 0.366648878125 0.4849665484375 0.39969631250000004 0.493918 0.4990368703125 0.5247482625 0.53853371875
37 0.397190478125 0.57799875 0.41933011875000004 0.5792274421875 0.48825626250000004 0.532754946875 0.492889028125 0.5129930609375 0.4835511140625 0.40812583125 0.46984126406250004 0.3840928921875 0.41223859531249996 0.3631292359375 0.3754277328125 0.4101328609375 0.3687370234375 0.457807125 0.3787174484375 0.54319149375 0.397190478125 0.57799875
37 0.612417834375 0.7601047484375 0.649875990625 0.7797002 0.6860443421875 0.752179434375 0.7004595171875 0.72895665 0.7160968953125 0.694541009375 0.71899058125 0.64990910625 0.688870428125 0.6492384640625 0.630494834375 0.6172214671875 0.5983795546875 0.6166903390625 0.5821624828124999 0.6428159734375 0.5589938703125 0.6555434703125 0.57881951875 0.7096940734375 0.612417834375 0.7601047484375
37 0.5141444640625 0.8169599468750001 0.53866569375 0.8235757953125 0.611326046875 0.8018338046875 0.6333352718749999 0.772526296875 0.6052730625 0.7439432765625 0.5551968453125 0.65858583125 0.5167569796875 0.7205122921875 0.48916917031249996 0.7465083578125 0.4909082515625 0.7713783750000001 0.5141444640625 0.8169599468750001
37 0.4504888109375 0.7381057609375 0.45563845468749997 0.754406746875 0.4696043515625 0.75343015625 0.5043572703125 0.7343389124999999 0.5640759140625 0.6135353875 0.5862155546875 0.6147640828125 0.6245722671875 0.5898671390625 0.6248283140625001 0.5648576078125 0.6011428234375 0.541522234375 0.5664527203125 0.5328406125 0.542317953125 0.5317514328125 0.507951496875 0.5563693484375001 0.501323603125 0.5762707484375 0.466957146875 0.6008886625 0.44990433437500005 0.643733821875 0.43542634375 0.6947294734375 0.4385180421875 0.7389428390624999 0.4504888109375 0.7381057609375
37 0.38465436875000003 0.8287916234375 0.4612421609375 0.8345434718750001 0.4724400046875 0.822653053125 0.4845364046875 0.7662702421875001 0.4793867609375 0.74996925625 0.4580200453125 0.75979390625 0.431952965625 0.7310713734375 0.439865878125 0.672204253125 0.463160121875 0.6039310234374999 0.45504919375 0.5739528734375 0.40156719687500003 0.5832463953125 0.38901673593749997 0.575793465625 0.3686113921875 0.5133528578125001 0.3506552390625 0.514608475 0.3436408828125 0.5289832031249999 0.3564521765625 0.5975085328125 0.3652056140625 0.6080038234375 0.3585777203125 0.6279052218750001 0.383615828125 0.67058394375 0.38007963437500003 0.734698709375 0.36785281875 0.7605453171875001 0.36637456875 0.796747703125 0.38465436875000003 0.8287916234375
37 0.3592926125 0.7528133640625 0.369268253125 0.7521157984375 0.403697525 0.699725015625 0.3713214125 0.6381214859375001 0.3233079234375 0.6109335953125 0.30393633593749997 0.62061873125 0.3067719890625 0.6898416265625 0.3592926125 0.7528133640625
37 0.4653048 0.978655446875 0.5131878750000001 0.9753071359375 0.4754012890625 0.8363302171875 0.43446975468750004 0.853076665625 0.4257211015625 0.928663309375 0.4179338203125 0.931984696875 0.4318369015625 0.958780971875 0.4653048 0.978655446875
37 0.54568961875 0.9813649359375001 0.5848192546875 0.967521334375 0.5938287390625 0.9530070937499999 0.56956355625 0.9213817125 0.5594574999999999 0.8915430765625001 0.5552064125 0.8307496984375 0.5825585125 0.8205065109375 0.520709540625 0.8248314125 0.4876909203125 0.7827107421874999 0.4757249359375 0.869629753125 0.508101046875 0.931233284375 0.507202490625 0.975725675 0.54568961875 0.9813649359375001
37 0.57374704375 0.9238660218750001 0.6105626890625 0.9629443312499999 0.6439001734375001 0.9522826046875 0.6606969390625 0.9344469765625 0.6141617 0.8710567015624999 0.604118459375 0.8134451984375 0.548834565625 0.825641565625 0.5594574999999999 0.8915430765625001 0.57374704375 0.9238660218750001
37 0.6714455046875 0.9448027531250001 0.6986043734375 0.9317962312500001 0.73419303125 0.8959854609375 0.6784550765625 0.844346090625 0.650842146875 0.7935168765625 0.626900609375 0.79519103125 0.588543896875 0.820087971875 0.6050218 0.8550347421875 0.6714455046875 0.9448027531250001
37 0.3879440828125 0.9618502578125 0.42746018281250003 0.9535333265625001 0.4181270515625 0.93474803125 0.43099637656249995 0.8894185625000001 0.4302862671875 0.85059235625 0.367277909375 0.8383372437500001 0.3601331375 0.822175771875 0.35621048125 0.8807638656250001 0.34295469375 0.9205666640624999 0.3477178734375 0.9313409796875 0.3879440828125 0.9618502578125
37 0.31367028124999996 0.9031764984375 0.340379871875 0.9124161703125001 0.35202699375 0.8782795562500001 0.35646174375 0.7696724015624999 0.3357375375 0.7600141890625001 0.315336978125 0.783655515625 0.310448165625 0.8284269312499999 0.2948107875 0.862842571875 0.29796530312499997 0.8792830703125001 0.31367028124999996 0.9031764984375
37 0.29082053124999996 0.8631215984375 0.307037603125 0.8369959625 0.3054241546875 0.7565802125000001 0.2664877484375 0.7731871484374999 0.25567636718750003 0.7906042390625 0.2349521609375 0.7809460265625 0.22452724218750003 0.8038897875 0.22768175781250002 0.8203302859375 0.29082053124999996 0.8631215984375
37 0.21995729218750001 0.79587880625 0.2767194359375 0.747480053125 0.2849559953125 0.7219124703124999 0.26944424843750003 0.700782378125 0.2720818859375 0.6811600062500001 0.2559276296875 0.6795127734374999 0.1947259515625 0.7504367484375 0.1938902109375 0.7671562734374999 0.2064406734375 0.7746092 0.2094019578125 0.7882863640625 0.21995729218750001 0.79587880625
37 0.17168297187499998 0.7076185125000001 0.1979432828125 0.73910438125 0.2247156890625 0.7205711875 0.2555411671875 0.6739861031250001 0.2713089609375 0.6701066640625 0.253285209375 0.6130532125 0.157905521875 0.6252765046875 0.157200196875 0.6725322312500001 0.17168297187499998 0.7076185125000001
37 0.153722034375 0.6227921953125 0.180687671875 0.6070223375 0.213769109375 0.6213701421875 0.25071038749999996 0.60490271875 0.270463653125 0.5146623203125 0.1511424296875 0.52855976875 0.1378866421875 0.568362565625 0.144388903125 0.6040069 0.153722034375 0.6227921953125
37 0.1499830421875 0.5119797578124999 0.1746975046875 0.5213589421875 0.27586934375 0.5059537765625 0.277540825 0.472514728125 0.29555979374999997 0.44348624374999995 0.276251021875 0.4253985125 0.1570554296875 0.383750228125 0.1516497390625 0.3924587734375 0.1625915359375 0.4055778859375 0.13974657031249998 0.45160491875000003 0.14611841718750002 0.45671305 0.1450266296875 0.49844210625 0.1499830421875 0.5119797578124999
37 0.292598509375 0.42980908125 0.324520559375 0.4275768734375 0.33809999375 0.42107361093750006 0.34678583125 0.37325983281249997 0.2614398171875 0.2709307609375 0.21593833281250002 0.2796662296875 0.1992043828125 0.2697289921875 0.1823448015625 0.3153374875 0.1871755828125 0.38442086875000003 0.292598509375 0.42980908125
37 0.4032919265625 0.3498706109375 0.366152634375 0.2774927640625 0.362418425 0.25276225937499996 0.34491155 0.23177168125 0.2754685296875 0.24218130468750002 0.2450923296875 0.2665201953125 0.2851253078125 0.2942661375 0.360751728125 0.37228324218750003 0.4032919265625 0.3498706109375
37 0.4072821828125 0.3495915859375 0.4733146421875 0.34775099374999996 0.4818748484375 0.3554829484375 0.47601509531249997 0.30035575468750003 0.4559962140625 0.243441815625 0.427291496875 0.23434165468749998 0.41338841562499995 0.20754538125000002 0.416219284375 0.1906863421875 0.406113228125 0.1608477046875 0.413320815625 0.1492363140625 0.40437414687500006 0.13597768906250002 0.35250081718750004 0.139605025 0.28756492968749997 0.18579849531249998 0.28872431718749997 0.2023785078125 0.3146609828125 0.20056483906250003 0.3198106265625 0.216865825 0.353278525 0.2367403 0.3963403875 0.33647247343750003 0.4072821828125 0.3495915859375
37 0.4597932390625 0.24039945468749999 0.5045941828125 0.3650016453125 0.56824505 0.357773896875 0.558008578125 0.2973990578125 0.5208016859375 0.16671214375 0.5070918359375 0.1426792046875 0.468604709375 0.13703994375 0.42947507187499995 0.15088354531249998 0.41486666562499996 0.1713429953125 0.423170825 0.20408447968750001 0.4597932390625 0.24039945468749999
37 0.5983023875 0.38621740312499997 0.622944465625 0.2512055875 0.616635434375 0.21832459062499998 0.621910709375 0.1790798453125 0.5982252203125 0.15574446875 0.5915297265625 0.11733679999999999 0.51597090625 0.0976287625 0.5128839890625 0.1394973296875 0.5708826874999999 0.3381515234375 0.5694044375 0.3743539078125 0.5983023875 0.38621740312499997
37 0.6231472640625 0.426132790625 0.6323499796875 0.414381884375 0.6668420671875 0.3342182375 0.69103486875 0.22145261718749998 0.711821890625 0.20333796406250002 0.680025471875 0.1500244375 0.6234517765625001 0.1151045921875 0.5941045484374999 0.12548729375 0.6208817375 0.193036034375 0.617089496875 0.28216032812499997 0.596307259375 0.386356915625 0.601070440625 0.39713123281249996 0.6231472640625 0.426132790625
37 0.6552092968750001 0.626600653125 0.67560985625 0.6029593281250001 0.720724878125 0.5886971890625 0.72954113125 0.5714196125 0.71808245625 0.522237628125 0.6806871171875 0.4748693140625 0.6381469171874999 0.49728194531250003 0.6105387703125 0.5325346625 0.6323595484375 0.586545753125 0.6273403203125001 0.60078096875 0.6552092968750001 0.626600653125
37 0.6354416796875 0.45859525 0.6623445015625 0.4705982578125 0.793757340625 0.3142360671875 0.7880908203125 0.261872209375 0.7371788609375 0.1932342890625 0.715039221875 0.19200559687500002 0.7104064546875 0.21176748124999997 0.682218615625 0.23873019375 0.6855663625 0.257934028125 0.6688371953125001 0.3340787234375 0.6289394171875 0.4229509171875 0.6302920359375 0.4422942640625 0.6354416796875 0.45859525
37 0.746719575 0.473028721875 0.8528430437500001 0.3850792703125 0.8561231906250001 0.3459740390625 0.8480122625 0.3159958890625 0.8160226125 0.259919028125 0.8036653828125001 0.25522943593749997 0.7924675390625 0.267119853125 0.797940828125 0.316720378125 0.7925351375 0.325428921875 0.7667917046875 0.330005925 0.7491591984375 0.36456107968749996 0.6597696796875 0.462447765625 0.6567455796874999 0.47654346875 0.6765036296875 0.472385003125 0.7037929125 0.48991468281249995 0.746719575 0.473028721875
37 0.734946821875 0.5627110671875 0.8849002921875 0.49946519843750004 0.8915910015625 0.45179093437500006 0.8813545296875 0.391416096875 0.8602438625 0.37623121406250004 0.855417865625 0.3932297640625 0.8298676625000001 0.400570103125 0.8156457187499999 0.426556225 0.74311578125 0.47883441718749997 0.705788040625 0.48977517031250006 0.706560965625 0.5008285109374999 0.734946821875 0.5627110671875
37 0.8381185734375001 0.633248321875 0.889218978125 0.61856764375 0.8880595906250001 0.6019876328125 0.899450665625 0.5928605499999999 0.90028640625 0.5761410234375 0.8894702421874999 0.5074761796875 0.8671373703125 0.50348415 0.8056120453125001 0.541108590625 0.7369419500000001 0.5625715546875 0.724072625 0.6079010234375 0.74099980625 0.620601596875 0.8381185734375001 0.633248321875
37 0.8313022312499999 0.7364683203125 0.849065153125 0.73244936875 0.8794413531249999 0.7081104781249999 0.8923106781250001 0.662781009375 0.8921802624999999 0.6322448078125 0.877441440625 0.6221680562499999 0.8141770359375 0.634922478125 0.7433813953125 0.6259887546875 0.7244590875 0.6134276937500001 0.7202127843749999 0.6387162515625 0.7291594531250001 0.6519748765625 0.7213093546875 0.6830691296875 0.7270386921875 0.7076601203124999 0.8313022312499999 0.7364683203125
37 0.7637287078125 0.8022841625 0.810776040625 0.8156553765625001 0.836968753125 0.7888321765625 0.8578185906250001 0.74294465625 0.8298867968750001 0.7448978375 0.7150679234374999 0.7084971984374999 0.6964064453125001 0.7570085421875 0.7637287078125 0.8022841625
37 0.6955754890625 0.8598099984375001 0.7248599015625 0.8772001656249999 0.7160436484375 0.8944777421874999 0.720420365625 0.8997253875 0.751762721875 0.8892031749999999 0.7975830687500001 0.8276853093750001 0.790051834375 0.8059971640624999 0.7659170671875 0.804907984375 0.7115317296875 0.7726119625 0.7026478765624999 0.731580471875 0.6810251140625 0.76641465 0.654252709375 0.78494784375 0.6599820453125 0.8095388359375001 0.6955754890625 0.8598099984375001