36 0.7690730171875 0.17802134375 0.757905590625 0.2265498421875 0.7184878171875 0.283738309375 0.7107788609375 0.307981759375 0.7091668703125 0.3516385890625 0.6867692421875 0.39087729531250004 0.6543707984375 0.4771661390625 0.6461190265625001 0.52199984375 0.65761663125 0.5580903875 0.657380834375 0.6253335718749999 0.678489946875 0.658290696875 0.6817851515625 0.6848731546875 0.7051696671875 0.7131375234374999 0.7218979437499999 0.760692696875 0.7444490796875 0.7447804578125 0.823512415625 0.63735209375 0.8492546203125 0.5703540546875 0.9183117484375 0.32362399375 0.9420143484375 0.1940755265625 0.9429300140624999 0.147682484375 0.9279343234375 0.11602480625 0.8809624109374999 0.09051139531249999 0.8582742218750001 0.0649832390625 0.825261740625 0.057966220312500004 0.7913500499999999 0.0792283125 0.7825883765625 0.108424409375 0.7776482671875 0.161726640625 0.7690730171875 0.17802134375
36 1 0.0968678125 0.9567853078124999 0.0885106203125 0.9497726765625 0.115490284375 0.9479578046875 0.19016243906250002 0.9386203999999999 0.2761766484375 0.9095007031250001 0.40716188124999997 0.8669150203125 0.55340225625 0.847423290625 0.6631401390625 0.8561520484375 0.670171903125 0.897926203125 0.647992825 0.9416029124999999 0.6469237796875 0.9817979906250001 0.6321736703124999 1 0.5465399484375 1 0.0968678125
36 0.5443345859375001 0.6401279109375 0.513339859375 0.5274234125 0.5057131906250001 0.4610972140625 0.42323405625 0.4823887921875 0.418310403125 0.5175770953125001 0.418436390625 0.76348325625 0.41084802812500004 0.847281034375 0.4333827078125 0.849482725 0.4807439265625 0.8310794187500001 0.52689891875 0.7943022921875 0.5376125171874999 0.7318744374999999 0.5443345859375001 0.6401279109375
36 0.5842444953125 0.746962778125 0.5974034640625 0.6850547015624999 0.6168129062500001 0.66588646875 0.6377137453125 0.54350708125 0.638119509375 0.4814764328125 0.61385224375 0.46337724687500004 0.62419299375 0.4267521796875 0.6231567328125001 0.4135908953125 0.6132052906250001 0.40629924375000004 0.5775610140625 0.4116638390625 0.54921993125 0.4548156328125 0.5184663953124999 0.4612197875 0.5133892328125 0.47308162343750004 0.519436825 0.546836790625 0.5365214921875 0.58670310625 0.546253596875 0.6431240140625001 0.5310933312499999 0.7926056375 0.5842444953125 0.746962778125
36 0.4202677203125 0.6706971734375 0.41313449531249996 0.6381225109375 0.41817335 0.4761366984375 0.4082548234375 0.432617184375 0.39130720625 0.4341912671875 0.3661242765625 0.462485121875 0.3591116453125 0.4894647859375 0.35133685937500003 0.5861639578125 0.3385561328125 0.8086210812499999 0.34360038125000003 0.83298710625 0.3739975265625 0.8342718093749999 0.39130153437500004 0.8250088718749999 0.4021686421875 0.78590748125 0.4202677203125 0.6706971734375
36 0.3341917546875 0.8051052000000001 0.3430028 0.7215673125000001 0.34579916875 0.5280463953125001 0.354237365625 0.4703112984375 0.349176659375 0.464059203125 0.3497194765625 0.44346895000000003 0.32246402500000004 0.4454402375 0.319678721875 0.4344953875 0.3238895921875 0.41468480156250004 0.31322536562500003 0.4227708671875 0.2969082453125 0.49953688124999995 0.29144177656250003 0.5553154375 0.28803137031250003 0.6555304890625 0.281715065625 0.6852463656250001 0.2832283109375 0.7502731171875 0.2865070578125 0.7949695046875 0.2922640890625 0.8039578125 0.3341917546875 0.8051052000000001
36 0.2311409296875 0.586497565625 0.21219201562499998 0.6756451953125 0.22837747656250001 0.743790621875 0.2646851625 0.7773900968749999 0.2793738328125 0.7623948421875 0.277027209375 0.6531914828125001 0.28373282031249997 0.5795588875 0.298690203125 0.46109258906250006 0.3060592265625 0.4264240640625 0.31848895312500003 0.3980076359375 0.3136475875 0.3426262875 0.30493528593749997 0.3174805953125 0.2832669 0.323227653125 0.26385745625 0.3423958859375 0.24792964374999998 0.37524518125 0.252463990625 0.383973596875 0.24213969687499998 0.40248473437500004 0.2419532734375 0.4153861296875 0.2527874671875 0.4125125984375 0.254350084375 0.42319756093749994 0.23979846562499998 0.4796332109375 0.2311409296875 0.586497565625
36 0.22226405312500003 0.7424911734374999 0.21185208125 0.6652201234375 0.22711648437499998 0.5934067546875 0.2306474859375 0.5527460265624999 0.2285202015625 0.3944134125 0.22259320312500003 0.3802125703125 0.183620809375 0.39522256875 0.176794603125 0.4093008375 0.1770851640625 0.47406769843749996 0.172704328125 0.4886657484375 0.17551148125 0.66784850625 0.1691951765625 0.6975643828125 0.1700285546875 0.741740990625 0.1867897453125 0.7530683046875 0.22226405312500003 0.7424911734374999
36 0.1468304640625 0.7005752281250001 0.1554057125 0.6842805249999999 0.15508223593749998 0.6557415234375 0.1665086171875 0.57793595 0.169781971875 0.4362805015625 0.2032660484375 0.3088111515625 0.1847558140625 0.29970027187500003 0.17234254375 0.3100027703125 0.1613383828125 0.3076637640625 0.1462933203125 0.3303478765625 0.13858436406250002 0.354591328125 0.1325915359375 0.41284620624999996 0.1255953625 0.421711940625 0.11384550468750002 0.4709785109375 0.08557564375 0.6280264203125 0.0851863375 0.6719431390625 0.090230584375 0.696309165625 0.1468304640625 0.7005752281250001
36 0.1609984484375 0.2972386921875 0.16261044062500002 0.25358186250000003 0.15651347499999999 0.23416848437499999 0.12525003750000002 0.22493503124999997 0.1137030609375 0.243186278125 0.0963496796875 0.30679100937500003 0.06689005 0.42735116875 0.054054559375 0.517798246875 0.0444265921875 0.5390455953125 0.054312206249999995 0.6187929671875 0.08068490625 0.6269868625 0.0859320359375 0.6203375624999999 0.137882728125 0.3578922671875 0.1609984484375 0.2972386921875
36 0 0.45929149062499997 0.0198029359375 0.5286352671875 0.025050065625 0.521985965625 0.043033940625 0.5335731703125 0.0526619078125 0.5123258203125001 0.07935269218749999 0.36270687968750004 0.11597846249999999 0.238493521875 0.1245866265625 0.185970959375 0.12268407343750001 0.1648609265625 0.112902596875 0.162781809375 0.091793484375 0.129824684375 0.07780113749999999 0.1475561515625 0.0566097375 0.205168678125 0.05273880156250001 0.2354043328125 0.03856003125 0.2660371953125 0 0.44744788281250003 0 0.45929149062499997
36 0.4914138265625 0.43217574843750006 0.4795379796875 0.2355361578125 0.5035805140625 0.11641276250000002 0.4934755609375 0.08579464375 0.48613945468750003 0.08423530625 0.46917538125 0.1039233171875 0.4422104921875 0.170661465625 0.4349949796875 0.2286564546875 0.425010621875 0.2575926625 0.41025612031250003 0.3450436375 0.411412975 0.41775924687500005 0.42481313125 0.4749598234375 0.487542890625 0.4624114046875 0.4914138265625 0.43217574843750006
36 0.5529044421875 0.43748137187499997 0.5808179124999999 0.28812232031249996 0.58521520625 0.2554103421875 0.5747374046875 0.2505950125 0.58735355625 0.20927718906249998 0.5863502109375001 0.1598880453125 0.568739184375 0.12249805312499999 0.5376621703125 0.10036320624999999 0.52298995625 0.09724453125 0.50619585 0.1221450765625 0.49145780625 0.191482121875 0.49893096562499994 0.23448185625 0.4895606453125 0.356723928125 0.496710328125 0.3711846578125 0.49314641249999996 0.44807324531250003 0.515851059375 0.455487471875 0.5471309546875001 0.44660699375 0.5529044421875 0.43748137187499997
36 0.653225009375 0.1999847625 0.6001232171875001 0.1912858328125 0.58647080625 0.2194423703125 0.5641279421875 0.3906911234375 0.5754720375 0.40345519999999996 0.6191487453125 0.40238615624999996 0.624395875 0.39573685468750003 0.6421221046875 0.3063293359375 0.653718453125 0.2337362984375 0.653225009375 0.1999847625
36 0.40526124531249996 0.2663358234375 0.338079428125 0.1795861734375 0.3309132875 0.183239371875 0.312710071875 0.22078142343749999 0.305154625 0.26835133906249997 0.3270642015625 0.381712934375 0.3495824234375 0.40202855312499997 0.37456247343750004 0.4047500234375 0.40410978281250004 0.37997205 0.4102396625 0.3631575671875 0.4134471875 0.2939578390625 0.40526124531249996 0.2663358234375
36 0.6981462515625 0.3674135125 0.7137670453125 0.28791128593750004 0.702148846875 0.19226641718749998 0.7028945453125 0.1406608390625 0.6920768093749999 0.1254204375 0.67163110625 0.1314273859375 0.6505055359374999 0.116584190625 0.6157110968749999 0.148011465625 0.6102775421875 0.1675621609375 0.61812355 0.1847591046875 0.6551440203125 0.202980865625 0.6556374640625 0.2367324015625 0.64439750625 0.3016365796875 0.6752880953125 0.33667282187500003 0.6764449499999999 0.40938843125 0.6981462515625 0.3674135125