37 0.47661162187499995 0.46062605312500005 0.4308329921875 0.46776822031250004 0.41655149687500004 0.4599516265625 0.3695474828125 0.4893107578125 0.36480790625 0.5255092984374999 0.38044284375 0.57208343125 0.4034928625 0.6017679953124999 0.4404376765625 0.6281955703125 0.47461031406250004 0.632545778125 0.5115237453125 0.6007672453125 0.5060446828125 0.5011748015624999 0.47661162187499995 0.46062605312500005
37 0.6054690093749999 0.425636765625 0.5833857375 0.423636159375 0.5128797140625 0.46767485625000005 0.507560090625 0.48726302343750005 0.5132325046874999 0.5923922593750001 0.5260952640625 0.616889025 0.582931221875 0.6398502140625 0.6213600625 0.5941599046875 0.6297105046875 0.546748184375 0.62271603125 0.4610675171875 0.6054690093749999 0.425636765625
37 0.396728171875 0.23613037343749999 0.35997670625 0.2152395890625 0.322869925 0.24148133125000001 0.30765306875 0.2641868875 0.290824128125 0.2980358265625 0.286374575 0.342539553125 0.3164529734375 0.344260965625 0.3736756296875 0.3782957375 0.405752809375 0.3799473484375 0.42287177500000006 0.354403596875 0.44647045625 0.3424924265625 0.42854671250000004 0.2876829046875 0.396728171875 0.23613037343749999
37 0.49692589531250003 0.182739503125 0.4726504921875 0.1752719046875 0.39927561875 0.194464840625 0.37625698281250003 0.2229863859375 0.4033045640625 0.25253135000000004 0.4503713453125 0.3395844328125 0.490948996875 0.27903722656249996 0.51942725 0.2540198 0.518557178125 0.2291042390625 0.49692589531250003 0.182739503125
37 0.5577907984375 0.2637672015625 0.5532131890625 0.2472964265625 0.5392217171875 0.24778501875 0.50382369375 0.265651775 0.43992544687499996 0.38429755781249997 0.417842175 0.38229695 0.37863993749999997 0.4058400953125 0.37751122656249997 0.43082545625 0.4003678953125 0.4549732265625 0.43473388125 0.4648602265625 0.45881593593750003 0.466791034375 0.494020609375 0.4433874875 0.5013390140625 0.423729521875 0.5365436875 0.400325975 0.5550813875 0.35810205 0.5713302812500001 0.30764273750000004 0.5697834890625 0.2633484078125 0.5577907984375 0.2637672015625
37 0.626750028125 0.175434171875 0.5504096281249999 0.1670129515625 0.5388036359374999 0.178505328125 0.5247468734375 0.2344316328125 0.5293244828125 0.25090240937499997 0.5510210578125 0.2418294328125 0.5760698578125 0.271444196875 0.56610733125 0.3299993 0.5404445765625 0.39741798125 0.5475043421875 0.4276609359375 0.601278096875 0.420239571875 0.6135608109375 0.42812596562499994 0.631774578125 0.491240671875 0.6497636124999999 0.49061248125 0.657275365625 0.4764913078125 0.6468633765625 0.4075606140625 0.638481553125 0.3967662265625 0.6457999578125 0.3771082609375 0.6222665671875001 0.3335817203125 0.6280381796875 0.26962942343749996 0.6411595812499999 0.2442252703125 0.6439003765625 0.208096528125 0.626750028125 0.175434171875
37 0.64944473125 0.2522512609375 0.6394508234375 0.2526002546875 0.6032141125 0.30375755937500004 0.6334205703125 0.366453471875 0.6804559671875 0.395300446875 0.7001537609375 0.3862972703125 0.6997356796875 0.31701758125 0.64944473125 0.2522512609375
37 0.5513788984375 0.022846981250000002 0.5034081390625 0.0245221578125 0.53632148125 0.1647331484375 0.5778125234375 0.1494253921875 0.589193784375 0.0741901171875 0.5970922359374999 0.071142525 0.5841328015625 0.0438773625 0.5513788984375 0.022846981250000002
37 0.47113760937500004 0.0173337546875 0.4315486734375 0.0298033171875 0.42203813749999997 0.043994290625 0.4451848296875 0.0764472484375 0.45424337656249997 0.1066204046875 0.45637021562499996 0.167525109375 0.42867729531250004 0.1768074828125 0.4906395265625 0.1746437140625 0.52216804375 0.217891059375 0.53716016875 0.131442603125 0.5069537125 0.0687466890625 0.509404484375 0.0243127609375 0.47113760937500004 0.0173337546875
37 0.4410905921875 0.0738184515625 0.4056611859375 0.0334791 0.371971921875 0.0429708703125 0.35456293437499997 0.060209434375 0.39885753749999997 0.12518515 0.406884046875 0.1831120625 0.462559909375 0.1728525046875 0.45424337656249997 0.1066204046875 0.4410905921875 0.0738184515625
37 0.344182328125 0.049484846875 0.3165860828125 0.061535615625 0.279769325 0.09608254375 0.3336711390625 0.1496356828125 0.35949333437500003 0.20139761093750003 0.3834787140625 0.2005600234375 0.42268095156249996 0.1770168796875 0.4074327109375 0.14151632812499998 0.344182328125 0.049484846875
37 0.628105996875 0.042341784375000004 0.5883237140625 0.049274556250000004 0.5969955609375 0.0683741296875 0.5825521 0.11322685156250001 0.5819067609374999 0.15205418906249998 0.644449040625 0.1665007953125 0.6510254328125 0.182901771875 0.65699039375 0.1244862671875 0.6716272046875 0.0851703359375 0.6672429421875 0.0742363515625 0.628105996875 0.042341784375000004
37 0.70028686875 0.10357191875 0.673916009375 0.093405725 0.6610846312499999 0.127115065625 0.652862246875 0.23550128906249998 0.6732367625 0.24587688124999998 0.6944499640624999 0.22296192656249997 0.7008982984375 0.1783884 0.7177272390625 0.1445394625 0.7151484109374999 0.1279988875 0.70028686875 0.10357191875
37 0.721724803125 0.1443998640625 0.7046058390625001 0.1699436171875 0.7034118359375 0.2503666875 0.742904096875 0.23512872968749998 0.7543167390625001 0.2180995625 0.7746912546875 0.2284751546875 0.7859105484375 0.2059091953125 0.78333171875 0.18936862031249999 0.721724803125 0.1443998640625
37 0.790198134375 0.214074784375 0.7317814765625 0.260463084375 0.7226576390624999 0.285727640625 0.7374225078125 0.3073862125 0.734101665625 0.3269045796875 0.75018859375 0.32911458437499996 0.8138282 0.26036972187499996 0.8152469343750001 0.2436895484375 0.8029642203125 0.23580315624999998 0.8004820671875 0.2220309765625 0.790198134375 0.214074784375
37 0.8353628078125 0.3039660609375 0.810217334375 0.2715829015625 0.7828144375 0.2891704625 0.7503819421875 0.33465137500000003 0.7344883640625001 0.3379781625 0.75051 0.395625878125 0.8462581703125001 0.38673873593749997 0.8486122671875 0.3395364125 0.8353628078125 0.3039660609375
37 0.8503524078125 0.38936753281250003 0.8228528374999999 0.404186696875 0.790292284375 0.3886931078125 0.7527988046874999 0.4038612671875 0.729908228125 0.49335731406249994 0.8496417781250001 0.4836325828125 0.8642785875 0.4443166515625 0.85902425625 0.40846710625 0.8503524078125 0.38936753281250003
37 0.850221825 0.5002429562499999 0.8258497468750001 0.49000696250000003 0.72420190625 0.501871896875 0.7213644375 0.5352322421875 0.702343365625 0.5636141890624999 0.721009121875 0.58236476875 0.8386785984375 0.6281475484375 0.8443849203125 0.6196329640625 0.8339076390625 0.6061399796875 0.858345009375 0.5609382625 0.852155315625 0.55561086875 0.8547027609375 0.5139453359374999 0.850221825 0.5002429562499999
37 0.70482551875 0.5773863687499999 0.6728450125000001 0.578503153125 0.659046890625 0.5845285375 0.6486976671875 0.6320100578125001 0.7304204578125 0.7372553265625 0.7761990859375001 0.730113159375 0.7925760375 0.7406283484375 0.8110170625 0.695636028125 0.8086002000000001 0.6264261375 0.70482551875 0.5773863687499999
37 0.5914097203125 0.653412996875 0.6260004390625 0.7270428953125 0.628869290625 0.7518886578124999 0.645632940625 0.7734774296875 0.7153969499999999 0.765497675 0.746604059375 0.742233725 0.7075637890625 0.713107553125 0.6347061953125 0.6324986499999999 0.5914097203125 0.653412996875
37 0.5874121578125 0.6535525953125 0.5213556890625 0.6530875671875 0.5130705375 0.6450615749999999 0.517002809375 0.7003596890625 0.535023228125 0.75793760625 0.56339286875 0.768034003125 0.5763523046875 0.7952991640625 0.5729347875 0.8120491375000001 0.581993334375 0.8422222937500001 0.5743849046875 0.8535750703125 0.5828634046875 0.8671378531249999 0.634831728125 0.8653230796875 0.7013401859374999 0.8214239781250001 0.7007601390625 0.8048136046875 0.674775978125 0.8057209921874999 0.6701983671875 0.789250215625 0.6374444640625 0.7682198359375 0.5978894375 0.667045578125 0.5874121578125 0.6535525953125
37 0.5311223390625 0.7608456 0.49069724218750005 0.6347557828125 0.42683290312500005 0.6397577453125 0.4349560875 0.7004530531250001 0.46757940781249996 0.8323588578125 0.4804421671875 0.8568556234375 0.5187090421875 0.8638346296874999 0.5582979781249999 0.8513650671875 0.5736115093749999 0.8314279062500001 0.5664550703125 0.7984165562500001 0.5311223390625 0.7608456
37 0.39778654062499996 0.6102825796875 0.3684476296875 0.744352153125 0.3736052859375 0.777433303125 0.366963603125 0.8164700375 0.389820271875 0.8406178093750001 0.39517127812499997 0.87923575 0.4699962703125 0.9015687484375 0.474542496875 0.8598334171875001 0.42351206250000006 0.6592761125 0.42625285625 0.623147371875 0.39778654062499996 0.6102825796875
37 0.374349825 0.5695244328125 0.36474261406249997 0.5809470109375 0.3274738671875 0.65985806875 0.2993603421875 0.771710678125 0.277953790625 0.7890888406250001 0.30787022343750003 0.8434795671875 0.363190771875 0.8803525343749999 0.3928824734375 0.8710003625 0.36847901250000004 0.802558259375 0.3753793359375 0.7136206046875 0.399785321875 0.6102127796875 0.3954010609375 0.5992787953125001 0.374349825 0.5695244328125
37 0.3493035515625 0.3680597421875 0.3280903484375 0.39097469687499997 0.28250506875000003 0.40365365625000005 0.27309120781249996 0.42061302500000003 0.282826475 0.47016495 0.3185459046875 0.5188094875 0.3618423796875 0.497895140625 0.39066401093750003 0.463627409375 0.3707414859375 0.40888768750000004 0.3762544578125 0.3948363109375 0.3493035515625 0.3680597421875
37 0.3631958234375 0.53665268125 0.33672828906249996 0.5237180890625 0.199938540625 0.6753987875 0.2037741375 0.7279285046874999 0.252259653125 0.798301415625 0.274342925 0.8003020218750001 0.2796625484375 0.7807138546875 0.308774203125 0.754751309375 0.3060987 0.7354423390625 0.3254750859375 0.6599278671875 0.3684501546875 0.572502225 0.3677734328125 0.55312345625 0.3631958234375 0.53665268125
37 0.2524894359375 0.518344459375 0.1433612234375 0.602536678125 0.138718321875 0.6415036125 0.1457780859375 0.6717465687499999 0.17579119375000002 0.728905690625 0.1879772328125 0.7340236875 0.199583225 0.7225313124999999 0.1958443015625 0.6727699890625 0.20155062343750002 0.66425540625 0.22743811093750002 0.6605796234375 0.24626583281249997 0.626660884375 0.33901709375 0.5319534765625 0.342531284375 0.5179719 0.3226401421875 0.5214382875 0.295979259375 0.502966903125 0.2524894359375 0.518344459375
37 0.2673848859375 0.4291276078125 0.1153155140625 0.4871016484375 0.10696507343749999 0.53451336875 0.11508825781250001 0.5952086765625 0.13565612031250002 0.611121059375 0.14107241875 0.5943012890625 0.16686323125 0.5878571109374999 0.18198341406250002 0.5623831578125 0.25629365000000004 0.5126680703125001 0.293980478125 0.503036703125 0.2935937796875 0.4919631203125 0.2673848859375 0.4291276078125
37 0.1667376984375 0.35503268125 0.1151560734375 0.3679210375 0.115736121875 0.3845314109375 0.1040334546875 0.3932553921875 0.1026147203125 0.409935565625 0.111027928125 0.47893605937499995 0.133207875 0.4837050625 0.19600879375 0.4482507453125 0.2653861046875 0.42919740781250004 0.279829565625 0.38434468437499997 0.263355940625 0.3710610984375 0.1667376984375 0.35503268125
37 0.17715221406249998 0.2521134484375 0.159259853125 0.2555100359375 0.12805274375 0.27877398593749997 0.1136092828125 0.3236267078125 0.11267392031250001 0.3541488578125 0.1270520890625 0.3647338484375 0.1907230796875 0.35419509374999997 0.261163809375 0.36559410625 0.2796362171875 0.37880789375 0.28476249062500003 0.3536829359375 0.2762839921875 0.340120153125 0.28521448125000004 0.30931880624999997 0.280346846875 0.28454284531249996 0.17715221406249998 0.2521134484375
37 0.24698151406250002 0.18869598125 0.20042948906250002 0.173690984375 0.1733166171875 0.19958373125 0.1508780296875 0.24471565 0.178860971875 0.2437384640625 0.2923395375 0.2841240515625 0.31268266875 0.23629353437499998 0.24698151406250002 0.18869598125
37 0.3171008390625 0.1335837015625 0.2884411734375 0.1151821171875 0.297855034375 0.0982227484375 0.293664121875 0.0928255546875 0.2619736390625 0.102247525 0.21403426250000002 0.16212880937500002 0.2208040046875 0.184066578125 0.2448860578125 0.185997384375 0.29811115 0.22017175312499998 0.3055576125 0.2614882921875 0.3283828984375 0.22742995625 0.35578579375 0.209842396875 0.3509181609375 0.185066434375 0.3171008390625 0.1335837015625