37 0.6 0.59833795 0.622 0.5678670359375 0.636 0.5207756234375001 0.63 0.4847645421875 0.5820000000000001 0.4570637125 0.568 0.4653739609375 0.522 0.4598337953125 0.49400000000000005 0.5013850421875 0.492 0.6011080328125 0.53 0.631578946875 0.564 0.62603878125 0.6 0.59833795
37 0.47800000000000004 0.6177285312499999 0.49000000000000005 0.592797784375 0.492 0.48753462656249996 0.48600000000000004 0.46814404375 0.414 0.4265927984375 0.392 0.42936288125 0.376 0.4653739609375 0.372 0.5512465375 0.382 0.59833795 0.422 0.6426592796875 0.47800000000000004 0.6177285312499999
37 0.622 0.37396121875 0.678 0.33795013906250004 0.708 0.3351800546875 0.702 0.290858725 0.6839999999999999 0.257617728125 0.6679999999999999 0.2354570640625 0.63 0.210526315625 0.5940000000000001 0.23268698125 0.564 0.285318559375 0.548 0.340720221875 0.572 0.3518005546875 0.5900000000000001 0.3767313015625 0.622 0.37396121875
37 0.588 0.24930747968750003 0.614 0.21883656562499998 0.5900000000000001 0.191135734375 0.516 0.1745152359375 0.492 0.18282548437499999 0.472 0.229916896875 0.472 0.25484764531250004 0.5013340000000001 0.27885595625000004 0.544 0.33795013906250004 0.588 0.24930747968750003
37 0.496 0.4238227140625 0.504 0.44321329687500005 0.54 0.4653739609375 0.564 0.46260387812500003 0.5980000000000001 0.45152354531250005 0.62 0.4265927984375 0.618 0.40166205 0.5780000000000001 0.37950138437500003 0.5559999999999999 0.38227146875 0.488 0.265927978125 0.45199999999999996 0.24930747968750003 0.438 0.24930747968750003 0.434 0.265927978125 0.422 0.265927978125 0.422 0.31024930781250004 0.44000000000000006 0.360110803125 0.45999999999999996 0.40166205 0.496 0.4238227140625
37 0.35 0.38227146875 0.358 0.40166205 0.35 0.4127423828125 0.34199999999999997 0.48199445937499996 0.35 0.49584487499999996 0.368 0.49584487499999996 0.384 0.43213296406249996 0.396 0.4238227140625 0.45 0.42936288125 0.45599999999999996 0.39889196718750003 0.42800000000000005 0.332409971875 0.41600000000000004 0.27423822656249996 0.44000000000000006 0.2437673125 0.462 0.2520775625 0.466 0.2354570640625 0.45 0.1800554015625 0.438 0.16897506874999998 0.362 0.1800554015625 0.346 0.21329639843749998 0.35 0.24930747968750003 0.364 0.27423822656249996 0.372 0.33795013906250004 0.35 0.38227146875
37 0.39 0.30747922499999997 0.352 0.257617728125 0.34199999999999997 0.257617728125 0.294 0.3240997234375 0.296 0.3933518 0.316 0.40166205 0.362 0.3711911359375 0.39 0.30747922499999997
37 0.45199999999999996 0.1662049859375 0.48 0.0249307484375 0.43200000000000005 0.0249307484375 0.4 0.0470914125 0.388 0.07479224375 0.396 0.07756232656249999 0.41 0.1523545703125 0.45199999999999996 0.1662049859375
37 0.49800000000000005 0.1745152359375 0.5599999999999999 0.1745152359375 0.532 0.1662049859375 0.532 0.1052631578125 0.54 0.07479224375 0.562 0.041551246874999996 0.5519999999999999 0.027700831250000002 0.512 0.0166204984375 0.47400000000000003 0.0249307484375 0.47800000000000004 0.069252078125 0.45 0.1329639890625 0.46799999999999997 0.21883656562499998 0.49800000000000005 0.1745152359375
37 0.63 0.055401662500000004 0.612 0.0387811640625 0.5780000000000001 0.0304709140625 0.544 0.0720221609375 0.532 0.1052631578125 0.526 0.171745153125 0.5820000000000001 0.1800554015625 0.588 0.12188365625 0.63 0.055401662500000004
37 0.654 0.144044321875 0.706 0.088642659375 0.6679999999999999 0.055401662500000004 0.64 0.0443213296875 0.58 0.1385041546875 0.5660000000000001 0.1745152359375 0.606 0.1966759 0.63 0.1966759 0.654 0.144044321875
37 0.344 0.171745153125 0.40599999999999997 0.15512465312499998 0.404 0.116343490625 0.388 0.0720221609375 0.396 0.0526315796875 0.356 0.0470914125 0.318 0.080332409375 0.314 0.09141274218749999 0.32999999999999996 0.13019390625 0.33799999999999997 0.1883656515625 0.344 0.171745153125
37 0.318 0.2520775625 0.33799999999999997 0.24099722968749998 0.32599999999999996 0.1329639890625 0.312 0.0997229921875 0.286 0.11080332343749999 0.272 0.135734071875 0.27 0.1523545703125 0.288 0.1855955671875 0.296 0.229916896875 0.318 0.2520775625
37 0.248 0.2437673125 0.288 0.257617728125 0.284 0.17728531875 0.266 0.1523545703125 0.20600000000000002 0.19944598281249998 0.20400000000000001 0.21606648125 0.21600000000000003 0.238227146875 0.236 0.2271468140625 0.248 0.2437673125
37 0.244 0.33795013906250004 0.26 0.3351800546875 0.256 0.3157894734375 0.27 0.293628809375 0.26 0.2686980609375 0.2 0.22437673125000002 0.19 0.23268698125 0.188 0.24653739687499998 0.176 0.25484764531250004 0.178 0.27146814375 0.244 0.33795013906250004
37 0.244 0.3434903046875 0.21000000000000002 0.299168975 0.182 0.28254847656250004 0.158 0.3157894734375 0.146 0.3518005546875 0.15 0.39889196718750003 0.246 0.4044321328125 0.26 0.3462603875 0.244 0.3434903046875
37 0.244 0.4127423828125 0.20600000000000002 0.39889196718750003 0.174 0.415512465625 0.146 0.40166205 0.13799999999999998 0.42105263125 0.134 0.4570637125 0.15 0.49584487499999996 0.27 0.5013850421875 0.244 0.4127423828125
37 0.16 0.631578946875 0.16599999999999998 0.639889196875 0.282 0.5900277015625 0.3 0.57063711875 0.27999999999999997 0.5429362875 0.27599999999999997 0.5096952906250001 0.174 0.5013850421875 0.15 0.5124653734375 0.146 0.5263157890625 0.15 0.5678670359375 0.144 0.5734072015625 0.16999999999999998 0.6177285312499999 0.16 0.631578946875
37 0.27799999999999997 0.7451523546875001 0.356 0.6371191140625 0.344 0.5900277015625 0.32999999999999996 0.584487534375 0.298 0.584487534375 0.196 0.6371191140625 0.196 0.706371190625 0.21600000000000003 0.7506925203125 0.23199999999999998 0.7396121890625 0.27799999999999997 0.7451523546875001
37 0.364 0.7783933515625 0.38 0.7562326875000001 0.382 0.7313019390625 0.414 0.6565096953125 0.37 0.6371191140625 0.3 0.72022160625 0.262 0.7506925203125 0.294 0.7728531859375 0.364 0.7783933515625
37 0.31 0.8116343484374999 0.31 0.8282548468750001 0.378 0.86980609375 0.43 0.86980609375 0.438 0.8559556781250001 0.43 0.8448753468750001 0.438 0.8144044328125 0.434 0.7977839328125 0.446 0.770083103125 0.47400000000000003 0.7590027703125 0.49000000000000005 0.700831025 0.492 0.6454293625 0.484 0.6537396125 0.418 0.6565096953125 0.40800000000000003 0.6703601109374999 0.372 0.7728531859375 0.33999999999999997 0.79501385 0.33599999999999997 0.8116343484374999 0.31 0.8116343484374999
37 0.532 0.8559556781250001 0.544 0.83102493125 0.572 0.6980609421875 0.5780000000000001 0.6371191140625 0.514 0.63434903125 0.47800000000000004 0.761772853125 0.44400000000000006 0.8005540171875 0.438 0.8337950140625001 0.454 0.8531855953124999 0.49400000000000005 0.8642659281249999 0.532 0.8559556781250001
37 0.618 0.8753462609374999 0.622 0.836565096875 0.644 0.8116343484374999 0.636 0.7728531859375 0.64 0.7396121890625 0.606 0.6066482 0.5780000000000001 0.6204986156250001 0.5820000000000001 0.6565096953125 0.538 0.8587257625 0.544 0.9002770078125 0.618 0.8753462609374999
37 0.62 0.8670360109375 0.65 0.8753462609374999 0.704 0.836565096875 0.732 0.781163434375 0.71 0.7645429359375 0.678 0.6537396125 0.638 0.5761772859375001 0.628 0.5650969531250001 0.608 0.5955678671875 0.604 0.6066482 0.632 0.709141275 0.642 0.7977839328125 0.62 0.8670360109375
37 0.682 0.5124653734375 0.716 0.46260387812500003 0.724 0.4127423828125 0.714 0.396121884375 0.6679999999999999 0.3850415515625 0.646 0.3628808859375 0.62 0.3905817171875 0.626 0.4044321328125 0.608 0.4598337953125 0.638 0.49307479218749994 0.682 0.5124653734375
37 0.7 0.7479224375 0.73 0.7728531859375 0.736 0.7922437671875 0.758 0.789473684375 0.8039999999999999 0.7174515234375 0.806 0.6648199453125 0.6639999999999999 0.518005540625 0.638 0.53185595625 0.634 0.5484764546875 0.634 0.5678670359375 0.6799999999999999 0.6537396125 0.702 0.7285318562499999 0.7 0.7479224375
37 0.758 0.6177285312499999 0.778 0.6509695296875 0.8039999999999999 0.6537396125 0.8099999999999999 0.6620498609375 0.808 0.7119113578125 0.82 0.7229916890625 0.8320000000000001 0.7174515234375 0.86 0.6592797781249999 0.866 0.6288088640625 0.86 0.5900277015625 0.748 0.5096952906250001 0.704 0.49584487499999996 0.678 0.5152354578125 0.658 0.5124653734375 0.662 0.5263157890625 0.758 0.6177285312499999
37 0.836 0.5761772859375001 0.8619999999999999 0.5817174515625 0.868 0.59833795 0.8880000000000001 0.5817174515625 0.8939999999999999 0.5207756234375001 0.884 0.4736842109375 0.73 0.42105263125 0.706 0.4847645421875 0.706 0.49584487499999996 0.744 0.504155125 0.82 0.5512465375 0.836 0.5761772859375001
37 0.866 0.470914128125 0.8880000000000001 0.4653739609375 0.8939999999999999 0.396121884375 0.892 0.37950138437500003 0.8800000000000001 0.3711911359375 0.8800000000000001 0.3545706375 0.828 0.3434903046875 0.732 0.3628808859375 0.716 0.3767313015625 0.732 0.42105263125 0.8019999999999999 0.43767312968749994 0.866 0.470914128125
37 0.716 0.3711911359375 0.734 0.35734072031249997 0.8039999999999999 0.3434903046875 0.868 0.3518005546875 0.882 0.340720221875 0.8800000000000001 0.31024930781250004 0.8640000000000001 0.265927978125 0.8320000000000001 0.2437673125 0.8140000000000001 0.24099722968749998 0.712 0.2770083109375 0.708 0.30193905781249997 0.718 0.332409971875 0.71 0.3462603875 0.716 0.3711911359375
37 0.8160000000000001 0.1883656515625 0.788 0.163434903125 0.742 0.1800554015625 0.678 0.229916896875 0.7 0.2770083109375 0.8119999999999999 0.23268698125 0.8400000000000001 0.23268698125 0.8160000000000001 0.1883656515625
37 0.692 0.21329639843749998 0.744 0.17728531875 0.768 0.1745152359375 0.774 0.1523545703125 0.724 0.094182825 0.692 0.0858725765625 0.688 0.09141274218749999 0.6980000000000001 0.108033240625 0.67 0.1274238234375 0.638 0.1800554015625 0.634 0.20498615 0.662 0.22160664843750003 0.686 0.25484764531250004 0.692 0.21329639843749998