36 0.27217193906250003 0.852370428125 0.2773419890625 0.8028426859375 0.309496428125 0.741276675 0.3141933890625 0.716274446875 0.31047293593749997 0.6727465765625 0.3279216203125 0.631070765625 0.3495626046875 0.5414767281249999 0.352289015625 0.49597156875000004 0.3364787828125 0.46155124531249997 0.32851793906250004 0.3947805453125 0.30354970625 0.36464163125 0.297039478125 0.33865889843749997 0.27038470625 0.3134550640625 0.247985603125 0.2682930234375 0.227541771875 0.2868349484375 0.1621599859375 0.40309795312499996 0.1447746671875 0.472733784375 0.10630111093750001 0.7260407046874999 0.0985631734375 0.8575121578125 0.10330822343749999 0.9036709843749999 0.12205023906250001 0.9332651750000001 0.17178133281250002 0.952863978125 0.1974115078125 0.97543685625 0.23103307812499999 0.9783783625 0.2621007984375 0.953141959375 0.267239053125 0.9230957046875 0.2656464328125 0.8695887328125 0.27217193906250003 0.852370428125
36 0 0.9574166999999999 0.096767440625 0.9640903249999999 0.10043980625 0.9364571390625 0.09314090625 0.8621204015625 0.091926215625 0.7756093859375001 0.1048657734375 0.6420517 0.1293118109375 0.49171148750000004 0.13528456875 0.38041613124999996 0.1257639171875 0.3745005484375 0.0870040890625 0.40160529531250005 0.043783224999999995 0.407989225 0.005685340625 0.4275279375 0 0.49251167812499996 0 0.9574166999999999
36 0.49907045156249996 0.5393090734375 0.578340009375 0.508124521875 0.5789385859375 0.47259846406249995 0.548845115625 0.228540603125 0.546164534375 0.144442653125 0.5235295062499999 0.1450036609375 0.47876410937499997 0.16904167187500002 0.43743515468750005 0.21116954687499997 0.4344094546875 0.2744377328125 0.43891858125 0.3663196078125 0.4834175 0.4744067171875 0.49907045156249996 0.5393090734375
36 0.363841325 0.3495859359375 0.3580105734375 0.47360029687500005 0.36516746875 0.5352180296875 0.391459584375 0.5502248703125 0.38565938593750004 0.5878371609374999 0.3882918796875 0.6007740546875 0.399057775 0.6067985796875 0.43378258281250004 0.5971300265624999 0.4566535359375 0.5508459703125 0.48639737031249997 0.5407416390625001 0.48999109374999994 0.52834946875 0.4750000859375 0.4558810765625 0.4531842828125 0.418394015625 0.43664874062500003 0.36357970625 0.4334787765625 0.21336472343750001 0.38628625781250003 0.26514486718749997 0.380770071875 0.3281951640625 0.363841325 0.3495859359375
36 0.58412493125 0.51371326875 0.599273221875 0.5556996296875 0.6159026812499999 0.552071884375 0.6374497484375 0.5209199015625 0.6411221140625 0.4932867140625 0.6370542828125 0.396360815625 0.622629040625 0.17400427499999999 0.6146529203125 0.150434609375 0.584325784375 0.1528639625 0.5682796265625 0.16416668437499998 0.56225878125 0.2043009859375 0.5583352140625 0.3208582578125 0.569385121875 0.3523207921875 0.58412493125 0.51371326875
36 0.649633446875 0.453370303125 0.648294284375 0.511703409375 0.6540792062499999 0.5172921578125 0.6560497578125 0.5377950874999999 0.6828618109375 0.532516890625 0.68696019375 0.543040715625 0.6851950140625 0.5632168125 0.6947943078125001 0.5538913765625 0.7016343796875 0.4757090078125 0.70026240625 0.419680021875 0.69143425 0.319796334375 0.69408201875 0.289532190625 0.684655284375 0.2251745578125 0.6759538578125001 0.1812109078125 0.6691443390625 0.172991203125 0.627389365625 0.176962065625 0.6288247046875 0.26095107031250003 0.649633446875 0.453370303125
36 0.7398872875 0.2249240984375 0.6997554874999999 0.1959998609375 0.687003765625 0.2126734421875 0.702641440625 0.3207768359375 0.7049593671875 0.39467779375 0.704550884375 0.514083909375 0.7014618203125 0.5493920765625 0.692587834375 0.5791114953125 0.7041424015625 0.6334900265625001 0.7158542515625 0.6573865234375 0.736660734375 0.6490415921875 0.7535894828124999 0.6276508203125 0.76539525 0.5931052671875 0.7598309750000001 0.584994509375 0.767822371875 0.5653631359375 0.7664351234375 0.5525351859375001 0.75603188125 0.5567076546874999 0.753178740625 0.5462927718749999 0.76074411875 0.4885043875 0.756313634375 0.381381496875 0.7642569421875 0.29058906875 0.7398872875 0.2249240984375
36 0.7594660640625001 0.37403335000000004 0.760916678125 0.41482132031249996 0.7823239984375 0.571714496875 0.7899374640625 0.5850871671875 0.82679010625 0.5654395125 0.8318497203125 0.550634275 0.8236682296875 0.4863855859375 0.8262373578125001 0.471362459375 0.8016142437499999 0.29385740781249997 0.8042620140625001 0.263593265625 0.7980510734374999 0.2198475078125 0.7800343640625 0.21064729999999998 0.7461135046875 0.225468821875 0.7658648390625 0.30089500468749997 0.7594660640625001 0.37403335000000004
36 0.8233666828124999 0.3033844484375 0.821507584375 0.382002596875 0.8355220859375001 0.5230010890625 0.8178222015625 0.6536009843749999 0.8373048000000001 0.660388121875 0.8483699843749999 0.6486496203125001 0.8595771750000001 0.649630121875 0.8717455968750001 0.6252815625 0.8764425578124999 0.60027933125 0.8752912328125 0.541728334375 0.8811547953125001 0.532076065625 0.8868129874999999 0.48174477187500003 0.8957328046875 0.32242224531249997 0.89076710625 0.2787854296875 0.8827909875 0.2552157640625 0.8260930921874999 0.257879290625 0.8195675874999999 0.27509759375 0.8233666828124999 0.3033844484375
36 0.873322940625 0.7219895703125 0.9054786203124999 0.72734414375 0.9147152609375 0.7078217171875 0.924187825 0.642576240625 0.9387352796874999 0.5193244921875 0.9404523703125 0.427987340625 0.9474191718749999 0.40572501250000004 0.9278884843749999 0.32777681875 0.900713778125 0.3228580234375 0.8963161046874999 0.330097225 0.87673668125 0.5969174890625 0.861185071875 0.659936059375 0.864905525 0.7034639296874999 0.873322940625 0.7219895703125
36 1 0.4765540625 0.9731279875000001 0.413056875 0.968730315625 0.4202960765625 0.9494683640625 0.4109869265625 0.9425015625000001 0.4332492546875 0.9342436890625001 0.5850057468750001 0.9130287218750001 0.712756796875 0.9108856125000001 0.765936934375 0.91534665 0.7866577546875 0.925308596875 0.7875293109375 0.9502768296875 0.817668225 0.96200395625 0.7983636875 0.9760161984375 0.7385980140624999 0.97617348125 0.70811598125 0.9865133578125 0.6759834953125 1 0.5218304703125 1 0.4765540625
36 0.5431937 0.8811643921875 0.5569547406249999 0.9103228031249999 0.5644262015625 0.910976471875 0.5788644625 0.8893678109375 0.597495025 0.8198409249999999 0.5975889421875 0.7613988734375 0.6039724421875 0.7314615640625 0.6079593734375 0.6428643140625 0.5979493375 0.5708317 0.5776780671874999 0.51569055625 0.516945153125 0.5357902765625 0.5167878703125 0.5662723078125 0.5525395343749999 0.7599988765625 0.5431937 0.8811643921875
36 0.44522795625 0.7531516453125 0.4562144984375 0.756654159375 0.4487277625 0.799201528125 0.4557426515625 0.8481002546875 0.4777791015625 0.883065303125 0.51132203125 0.9012478249999999 0.5262649515625 0.9025551625 0.5398992640625 0.8757935343750001 0.5460773921875 0.8051771999999999 0.5334195875 0.7634087296875001 0.5278225015625 0.6409358765625 0.5189637921875 0.6274542609375 0.51313078125 0.5507044578125 0.4896918046875 0.546112496875 0.4597273234375 0.558738840625 0.455109003125 0.568500053125 0.4456058859375 0.7201476015625 0.44522795625 0.7531516453125
36 0.44836510937499996 0.7890045359375 0.4496714578125 0.616309334375 0.4368563703125 0.605022896875 0.39363550625 0.611406825 0.389237834375 0.6186460265625 0.38253976875 0.7095474 0.3798767234375 0.7830125796875 0.3844797671875 0.8164524015625 0.43824587968750006 0.818615009375 0.44836510937499996 0.7890045359375
36 0.7064297749999999 0.7937930546875 0.71992208125 0.7543124234375 0.721623896875 0.7061763078125 0.686062328125 0.5963298 0.6612361015625 0.578909890625 0.6361105874999999 0.579253009375 0.60980319375 0.607447203125 0.605768175 0.6248833968749999 0.611017884375 0.69395821875 0.6225090859375 0.7203767296875 0.6997622640625 0.79829235625 0.7064297749999999 0.7937930546875
36 0.3368612296875 0.83007553125 0.342410228125 0.8813873265625001 0.3550046671875 0.895195778125 0.3745659078125 0.8867419 0.3973429421875 0.8988998968749999 0.42804800781249996 0.8634665 0.43105843125 0.84339935 0.421175125 0.8272867765624999 0.382209928125 0.8137124984374999 0.377606884375 0.7802726765625 0.38085323125000003 0.714482478125 0.3459230515625 0.6834720062499999 0.335913015625 0.61143939375 0.319488928125 0.6557461609375 0.313673453125 0.7365594859375 0.3368612296875 0.83007553125