23 0.1952380953125 0.3357142859375 0.23571428593750002 0.3071428578125 0.2666666671875 0.325 0.328571428125 0.32142857187499996 0.38333333281250004 0.2875 0.359523809375 0.2428571421875 0.3119047625 0.21071428593750002 0.2571428578125 0.1875 0.20238095312499998 0.22857142812500003 0.1642857140625 0.27142857187499997 0.159523809375 0.325 0.2047619046875 0.3267857140625 0.16190476250000002 0.346428571875 0.1952380953125 0.3357142859375
23 0.2666666671875 0.46607142812499996 0.2666666671875 0.4392857140625 0.290476190625 0.3767857140625 0.3 0.3696428578125 0.29285714218750003 0.3696428578125 0.297619046875 0.35535714218750003 0.28571428593750003 0.358928571875 0.290476190625 0.35 0.278571428125 0.35 0.2761904765625 0.3446428578125 0.23095238125 0.3517857140625 0.171428571875 0.378571428125 0.171428571875 0.3982142859375 0.21190476249999998 0.4571428578125 0.22857142812500003 0.46785714218749996 0.2666666671875 0.46607142812499996
23 0.1547619046875 0.558928571875 0.1261904765625 0.5642857140624999 0.1166666671875 0.5982142859375 0.1238095234375 0.6553571421875 0.1166666671875 0.658928571875 0.13095238125 0.6625 0.13333333281249998 0.6767857140625 0.21190476249999998 0.7428571421875 0.3047619046875 0.7821428578125 0.38333333281250004 0.7928571421874999 0.4 0.778571428125 0.409523809375 0.7142857140625 0.397619046875 0.6178571421875 0.3428571421875 0.591071428125 0.2952380953125 0.5428571421874999 0.2880952375 0.5232142859375 0.27142857187499997 0.5142857140625 0.2428571421875 0.5125 0.197619046875 0.521428571875 0.18809523749999998 0.5267857140625 0.197619046875 0.5321428578125 0.1928571421875 0.5375 0.18095238125 0.5375 0.16190476250000002 0.5142857140625 0.140476190625 0.516071428125 0.13571428593749998 0.5267857140625 0.1428571421875 0.5321428578125 0.140476190625 0.5446428578125 0.1547619046875 0.546428571875 0.1547619046875 0.558928571875
23 0.4238095234375 0.608928571875 0.45 0.5857142859375 0.4619047625 0.5625 0.5047619046875 0.5625 0.528571428125 0.5446428578125 0.559523809375 0.5 0.56904761875 0.45357142812499995 0.53095238125 0.441071428125 0.521428571875 0.43214285781250006 0.42142857187500005 0.428571428125 0.309523809375 0.446428571875 0.2880952375 0.4625 0.29285714218750003 0.521428571875 0.328571428125 0.5732142859375 0.40714285781250004 0.608928571875 0.4238095234375 0.608928571875
23 0.4761904765625 0.40178571406249997 0.4952380953125 0.3892857140625 0.5333333328125 0.3892857140625 0.5571428578125001 0.4 0.5571428578125001 0.3928571421875 0.5428571421874999 0.3892857140625 0.55 0.3875 0.55 0.3696428578125 0.5333333328125 0.3642857140625 0.5357142859375 0.3517857140625 0.5166666671875 0.34821428593750003 0.5166666671875 0.3303571421875 0.49761904687499997 0.3303571421875 0.5047619046875 0.32142857187499996 0.4952380953125 0.3303571421875 0.48095238125 0.3142857140625 0.45238095312500004 0.3107142859375 0.45 0.3 0.4357142859375 0.296428571875 0.43333333281249997 0.2821428578125 0.4047619046875 0.2803571421875 0.3880952375 0.2875 0.328571428125 0.33214285781249997 0.33095238125000004 0.346428571875 0.40714285781250004 0.3875 0.4619047625 0.391071428125 0.4761904765625 0.40178571406249997
23 0.49761904687499997 0.391071428125 0.5761904765625 0.40178571406249997 0.6142857140625 0.3607142859375 0.6428571421875 0.2982142859375 0.5880952374999999 0.2642857140625 0.4571428578125 0.2732142859375 0.45238095312500004 0.28571428593750003 0.4761904765625 0.2982142859375 0.4952380953125 0.328571428125 0.49761904687499997 0.391071428125
23 0.5666666671875 0.22857142812500003 0.6071428578125 0.2446428578125 0.621428571875 0.2428571421875 0.5666666671875 0.183928571875 0.49761904687499997 0.2 0.4738095234375 0.21071428593750002 0.4452380953125 0.23571428593750002 0.44285714218749994 0.2428571421875 0.45 0.2428571421875 0.46904761875 0.23571428593750002 0.5666666671875 0.22857142812500003
23 0.547619046875 0.5232142859375 0.5428571421874999 0.5446428578125 0.5952380953125 0.558928571875 0.6452380953125 0.5625 0.6571428578125 0.5553571421875 0.6261904765625 0.528571428125 0.6357142859375 0.5196428578125001 0.6785714281249999 0.5303571421875 0.6880952375 0.541071428125 0.7119047625 0.55 0.7666666671875 0.528571428125 0.7738095234375 0.516071428125 0.7571428578125 0.46607142812499996 0.7309523812500001 0.4375 0.7166666671875 0.433928571875 0.7166666671875 0.4142857140625 0.7071428578125001 0.40357142812499996 0.6452380953125 0.3857142859375 0.6119047625 0.3875 0.6023809531250001 0.391071428125 0.6047619046875 0.40535714218749996 0.5857142859375 0.40357142812499996 0.590476190625 0.4392857140625 0.578571428125 0.4482142859375 0.5714285718750001 0.4892857140625 0.547619046875 0.5232142859375
23 0.8428571421875001 0.44285714218749994 0.8452380953124999 0.4 0.8238095234375 0.38392857187499996 0.8142857140625 0.3875 0.7857142859375 0.36607142812500004 0.7547619046875 0.3607142859375 0.721428571875 0.358928571875 0.7119047625 0.375 0.7238095234374999 0.3803571421875 0.7452380953125 0.4 0.759523809375 0.4 0.8166666671874999 0.428571428125 0.8261904765624999 0.4392857140625 0.8428571421875001 0.44285714218749994
23 0.7547619046875 0.8125 0.7857142859375 0.8125 0.8380952374999999 0.7946428578125 0.8928571421875 0.746428571875 0.9380952375 0.6928571421874999 0.9285714281249999 0.6803571421875 0.8952380953124999 0.671428571875 0.871428571875 0.6571428578125 0.8 0.641071428125 0.721428571875 0.6321428578125 0.68095238125 0.6339285718750001 0.671428571875 0.6392857140625 0.6571428578125 0.691071428125 0.6547619046875 0.8 0.6619047625000001 0.825 0.671428571875 0.8321428578125 0.7547619046875 0.8125
23 0.8761904765624999 0.625 0.909523809375 0.6428571421875 0.95 0.653571428125 0.9642857140625001 0.6178571421875 0.96904761875 0.5767857140625 0.940476190625 0.48214285781250005 0.9047619046875001 0.496428571875 0.8166666671874999 0.5089285718750001 0.7357142859375 0.5517857140625 0.7357142859375 0.566071428125 0.7857142859375 0.5875 0.828571428125 0.6160714281249999 0.8761904765624999 0.625
23 0.5642857140624999 0.853571428125 0.58095238125 0.8482142859374999 0.6476190468749999 0.7482142859375001 0.652380953125 0.6625 0.621428571875 0.6071428578125 0.5666666671875 0.5625 0.5261904765625001 0.5607142859375001 0.5166666671875 0.566071428125 0.5166666671875 0.5767857140625 0.5 0.5821428578125001 0.49761904687499997 0.5928571421875 0.49047619062500003 0.5875 0.48333333281249996 0.5946428578125 0.46904761875 0.5875 0.45 0.5946428578125 0.4119047625 0.625 0.4119047625 0.6892857140624999 0.43809523749999996 0.7589285718750001 0.49761904687499997 0.8196428578124999 0.5642857140624999 0.853571428125