23 0.7623218171875 0.194323978125 0.7029627515625 0.16023248750000002 0.65143814375 0.189947534375 0.608091271875 0.22765410468749997 0.589899815625 0.274865853125 0.6483883859375 0.301867728125 0.7102669671874999 0.29786824375 0.7388123953125 0.276372059375 0.7824688640625 0.2997977140625 0.816859478125 0.306369825 0.7719279234374999 0.2920963546875 0.8166111968750001 0.2848108140625 0.8053560734375 0.23221902968750002 0.7623218171875 0.194323978125
23 0.7489794015625 0.320101825 0.7032080078125 0.318525346875 0.7014976749999999 0.324132721875 0.6896816484375 0.3255835484375 0.695496178125 0.3338652375 0.68324490625 0.3317712546875 0.6897123078125 0.34537015625 0.6826226906249999 0.3462406515625 0.6929460062499999 0.35216960625 0.724194890625 0.4113020890625 0.7274592484375 0.43788814687500005 0.76548815625 0.43501790781249994 0.780724846875 0.42235233125000005 0.8137177484375 0.358930196875 0.8113238859375 0.33943375468750003 0.7489794015625 0.320101825
23 0.8588025874999999 0.472136703125 0.8373161171874999 0.4729757859375 0.8212395859375 0.49833835625 0.8094235624999999 0.49978918281249995 0.8040442796875 0.4950523015625 0.8128442296875 0.488574428125 0.8027385375 0.48441787812500003 0.7567495203125 0.4810689953125 0.72860868125 0.48632338124999996 0.713154365625 0.49721655625 0.7084586125000001 0.5175834921875 0.6670703546875 0.5712416984375001 0.61598099375 0.604501553125 0.6159166546875 0.7016621875 0.6332039328125 0.7643080640625 0.651487359375 0.7764561390625 0.7281673843750001 0.75624626875 0.815544659375 0.70593694375 0.8854783484375 0.6307825546875 0.8861005625 0.616313159375 0.8998445453125001 0.6110273609375 0.8923196828125001 0.608353046875 0.8924453343750001 0.5507656296875 0.8788576609375 0.5182506171875 0.8498463296875001 0.5164153875 0.8483229624999999 0.5040085609375 0.86228456875 0.5004951656250001 0.8583979984375001 0.48837850468750005 0.864834740625 0.482190796875 0.8588025874999999 0.472136703125
23 0.6825276953125 0.42361467656249996 0.569280815625 0.419528396875 0.4704614484375 0.43526014062499996 0.462096746875 0.44528281875 0.4258088328125 0.46233228750000005 0.440919871875 0.507254128125 0.47708213437499997 0.547792078125 0.5028904234375 0.5626144640625 0.545428115625 0.5573914921875 0.5600732515625 0.5789819171875 0.5888976171875 0.5988313515625 0.6054400531249999 0.5968001953125001 0.679073346875 0.5517766703125 0.7082103328125 0.4960244828125 0.70575515625 0.43695482500000005 0.6825276953125 0.42361467656249996
23 0.58517340625 0.2754461828125 0.5677604734374999 0.27038772187500004 0.5396196375 0.275642109375 0.538997421875 0.2901115046875 0.5252534390625 0.295397303125 0.5241959765625 0.306321890625 0.4962727625 0.3133486796875 0.484052146875 0.3310413046875 0.4735112078125 0.323339946875 0.48168894218749997 0.33133146875 0.4627833 0.33365279062500003 0.4649595390625 0.3513768296875 0.44648914531250006 0.3572429578125 0.45037571718749997 0.36935961875 0.43448615312500005 0.3767079875 0.436662390625 0.394432025 0.44396963125 0.3953339328125 0.430225646875 0.40061973125000006 0.4310961421875 0.40770934687500004 0.45342245156249994 0.39417327343749997 0.4912337328125 0.38953063125 0.5116627406250001 0.39961613749999997 0.524536228125 0.3872407234375 0.5784546984375 0.37702211874999997 0.6490719140625 0.3269715484375 0.6496941296875 0.3125021515625 0.58517340625 0.2754461828125
23 0.38383506562499997 0.2767788015625 0.3336162015625 0.31712827187500003 0.3695914953125 0.375680425 0.41240812499999996 0.411803071875 0.48908815156249996 0.39159320000000003 0.4838345234375 0.32926890000000003 0.4990405578125 0.296816715625 0.5211492421874999 0.2815082375 0.514899465625 0.269681740625 0.38383506562499997 0.2767788015625
23 0.49074019687500003 0.2096787609375 0.465802403125 0.2019459890625 0.39531083906250003 0.19440914375 0.3481387078125 0.259572265625 0.3625355609375 0.25960368125 0.40075143437499994 0.2387192390625 0.498513340625 0.23391208593749999 0.5182894765625 0.23868037812499998 0.5253790921875 0.2378098828125 0.522145390625 0.231010434375 0.49074019687500003 0.2096787609375
23 0.3844849125 0.41882986093749996 0.385107125 0.40436046406250004 0.3752190578125 0.4019763171875 0.3419165625 0.40426622500000003 0.2826494671875 0.42953455625 0.2745023890625 0.4413296390625 0.27689625156250003 0.46082608281250004 0.26315226875 0.46611188124999997 0.24063899375000003 0.4976621578125 0.23019002500000002 0.5493206203125001 0.23880300625 0.560856953125 0.2957682109375 0.5754520015625 0.31831214375 0.5636883312500001 0.326459221875 0.551893246875 0.3676911703125 0.536035853125 0.37823210937499996 0.5437372109374999 0.3507748 0.574095415625 0.363461321875 0.57973420625 0.41265338125 0.57009593125 0.4629029046875 0.54953306875 0.4555650078125 0.5288445515625 0.42779810312500005 0.4980705296875 0.41570314062499997 0.45817573749999996 0.4027989953125 0.45076454374999997 0.40317292812499994 0.41473613593750003 0.3844849125 0.41882986093749996
23 0.263277921875 0.40852446093749994 0.27444107500000003 0.40175642500000003 0.263029640625 0.3869654515625 0.23016239375 0.3928001671875 0.2000935984375 0.4018895234375 0.17434662343750001 0.4266403515625 0.16445855468749998 0.4242562046875 0.1451483234375 0.442819325 0.1527345 0.4850668515625 0.1688416875 0.4794908890625 0.17698876562500002 0.4676958046875 0.2302237078125 0.43237338125 0.2444029375 0.430632390625 0.263277921875 0.40852446093749994
23 0.3468238890625 0.6591393875 0.33671819687500004 0.6549828359375 0.2963260859375 0.6581432390625 0.21942843750000002 0.67658070625 0.150490896875 0.7012372953125 0.12859983749999998 0.7183181765625 0.09660308437500001 0.73124250625 0.08867363125 0.74480999375 0.14010324375 0.792468971875 0.2003328046875 0.8336500796875 0.2544995546875 0.844990484375 0.285221221875 0.8412183390625 0.3703272625 0.850559003125 0.37890958750000003 0.8423087265625 0.3829524703125 0.8166245765625 0.3673142109375 0.7087981078125 0.3468238890625 0.6591393875
23 0.1867818375 0.547453978125 0.09781988124999999 0.5457832609375 0.0606308140625 0.53595650625 0.043806415625 0.633375890625 0.0535381734375 0.6735608484375 0.07206988125 0.707267934375 0.110938625 0.6917007046875 0.14184725781250002 0.6699143546874999 0.1880232421875 0.6552490328125 0.227078953125 0.6216676 0.2740947734375 0.5943052875 0.2723537828125 0.58012605625 0.1867818375 0.547453978125
23 0.5611613703125 0.5878439375 0.5413852343750001 0.5830756421875 0.5280765 0.5919062484375 0.5201163875 0.585687128125 0.5136796453125 0.591874834375 0.510010696875 0.581530578125 0.4928153875 0.5782445203125001 0.49150964531249997 0.567610096875 0.48140395312499995 0.563453546875 0.441447090625 0.5701587578125 0.39253396875 0.6211426515625 0.3685586390625 0.679859315625 0.3837309953125 0.7643543703125 0.462087671875 0.8554843625 0.4792829796875 0.85877041875 0.5413178703125 0.8169701234375 0.5929987890625 0.7494542640625 0.6105067140625 0.6771386984375 0.60267225625 0.6133321609375 0.5611613703125 0.5878439375