23 0.540020490625 0.5726458078125 0.49118313437500005 0.5523517890625 0.4346147875 0.5633475609375 0.38364562812499997 0.6209142234375 0.37930211875 0.7051622234375 0.427203421875 0.8805307875 0.46386639843750005 0.92702089375 0.493834325 0.9390679421874999 0.5370924703125 0.9306594109375 0.624664678125 0.8659778375 0.5822427015625 0.6299701234375 0.540020490625 0.5726458078125
23 0.727399215625 0.47069158906249997 0.66084821875 0.4836277921875 0.6198617109375 0.5392540234375 0.6088431234375 0.6069273015625 0.6556285859375001 0.7765553578125 0.690059878125 0.8115644453125 0.829777015625 0.7486617390625 0.837388146875 0.6101619109375 0.8084361812499999 0.514513675 0.727399215625 0.47069158906249997
23 0.56197775625 0.3658258890625 0.48767579687499996 0.3921835421875 0.447805128125 0.4535502828125 0.4511926078125 0.5065084921875 0.4723137015625 0.5441048203125 0.5289020234375 0.5509773890624999 0.5633333171875 0.585986475 0.5988404984375 0.59099939375 0.5998964109375 0.543134884375 0.6386712140624999 0.49389597343749997 0.6174901890625 0.402694625 0.56197775625 0.3658258890625
23 0.3278934765625 0.3696254109375 0.2691533765625 0.4227451828125 0.27034912499999997 0.4999590515625 0.34698265156249997 0.5744241156250001 0.37035540624999996 0.641369803125 0.4567718171875 0.5352110406249999 0.441110075 0.41910722343750006 0.412218040625 0.37706400625000003 0.3278934765625 0.3696254109375
23 0.2781400421875 0.52227428125 0.16504330312499998 0.5800025046874999 0.1518329859375 0.6719314437499999 0.1908275296875 0.8192442703125 0.3673075265625 0.8921733703125 0.38386536875 0.8174659609375 0.3804579140625 0.7466394109375 0.3447709421875 0.5808114359375 0.2781400421875 0.52227428125
23 0.176977965625 0.3393863390625 0.0905216015625 0.40980842187500005 0.0761554890625 0.460260171875 0.12070926562499999 0.61840720625 0.1473496421875 0.631101065625 0.158388203125 0.5812961249999999 0.2548272171875 0.5089336125 0.2647299625 0.4355198234375 0.24803228281249998 0.38514885312499997 0.176977965625 0.3393863390625
23 0.283299746875 0.1757416953125 0.2123253375 0.201452540625 0.1757822171875 0.2621724703125 0.1780738328125 0.327258509375 0.22358363906249998 0.3481993359375 0.2624783 0.4061704640625 0.28798285625000003 0.3952554734375 0.352282190625 0.352969909375 0.36220491250000003 0.29742446093749997 0.3488148078125 0.22853834218750002 0.283299746875 0.1757416953125
23 0.5141363828125 0.2440623453125 0.4763975171875 0.22756840625 0.4043072625 0.24753873906249999 0.37107171875 0.2897435203125 0.3633806828125 0.3567699890625 0.40998635625 0.36558298749999996 0.45774782500000005 0.4158731734375 0.49652262656249996 0.3666342625 0.556418521875 0.3549916796875 0.5408167109375001 0.29249288125 0.5141363828125 0.2440623453125
23 0.4384788609375 0.050259410937500006 0.35198254375000004 0.084944815625 0.3365205671875 0.14752439374999998 0.3543540640625 0.22150421250000002 0.38766951562499996 0.2507727890625 0.50413375625 0.22813443437499997 0.518459915625 0.14194600625 0.49953055312499994 0.0800940171875 0.4384788609375 0.050259410937500006
23 0.609399625 0.11235429999999999 0.5284425640625 0.140005575 0.5152122718750001 0.2140661734375 0.563073621875 0.353698059375 0.5885981546875 0.3606514078125 0.601848425 0.3044591484375 0.6317564203125 0.262901178125 0.691632340625 0.23339025468750002 0.6860131765624999 0.1689510265625 0.6637962171875 0.143482528125 0.609399625 0.11235429999999999
23 0.7515681875 0.2574843515625 0.6738987234375 0.2487521359375 0.6085035249999999 0.303165528125 0.60192833125 0.3759325078125 0.6464022015625 0.4626061828125 0.739593571875 0.46236383906249995 0.8150713046875 0.495351715625 0.810448125 0.3294429578125 0.79598213125 0.290553009375 0.7515681875 0.2574843515625