23 0.616949153125 0.9122807015625 0.644067796875 0.8596491234375 0.65762711875 0.6783625734375 0.6372881359375 0.596491228125 0.5762711859375 0.5497076015625 0.5186440671875 0.5497076015625 0.474576271875 0.57894736875 0.44406779687500003 0.643274853125 0.4474576265625 0.8830409359375 0.5457627125 0.9298245609375 0.5898305078125 0.9298245609375 0.616949153125 0.9122807015625
23 0.4 0.801169590625 0.41355932187500005 0.62573099375 0.3898305078125 0.561403509375 0.33898305156249997 0.5146198828124999 0.271186440625 0.5146198828124999 0.2 0.573099415625 0.1898305078125 0.6725146203125 0.2237288140625 0.80701754375 0.37288135625 0.8421052625 0.4 0.801169590625
23 0.4542372875 0.596491228125 0.4813559328125 0.5555555562500001 0.5355932203125 0.5380116953125 0.5491525421875 0.49707602343749996 0.54237288125 0.44444444375 0.49152542343750005 0.391812865625 0.41355932187500005 0.380116959375 0.3661016953125 0.42690058437499995 0.3627118640625 0.5204678359375 0.4101694921875 0.561403509375 0.42033898281250004 0.6081871343749999 0.4542372875 0.596491228125
23 0.6644067796875001 0.5438596484375 0.725423728125 0.4561403515625 0.7118644062499999 0.380116959375 0.644067796875 0.33918128593749997 0.5627118640625 0.3625731 0.54237288125 0.40935672500000003 0.5491525421875 0.5263157890625 0.6542372875 0.6140350875 0.6644067796875001 0.5438596484375
23 0.8644067796874999 0.754385965625 0.8745762718750001 0.60233918125 0.844067796875 0.5146198828124999 0.7220338984375 0.4795321640625 0.6677966109375 0.5497076015625 0.6644067796875001 0.7192982453125001 0.674576271875 0.789473684375 0.7050847453125 0.8596491234375 0.8644067796874999 0.754385965625
23 0.871186440625 0.561403509375 0.8949152546875 0.5438596484375 0.9084745765625 0.380116959375 0.8847457625 0.3333333328125 0.786440678125 0.2807017546875 0.725423728125 0.33918128593749997 0.7186440671875001 0.391812865625 0.74237288125 0.46198830468749996 0.8508474578125 0.5146198828124999 0.871186440625 0.561403509375
23 0.7152542375000001 0.3625731 0.74237288125 0.2982456140625 0.7830508468749999 0.26900584843750003 0.77288135625 0.20467836250000002 0.725423728125 0.15204678437500002 0.6508474578125 0.1403508765625 0.5966101687500001 0.20467836250000002 0.5966101687500001 0.2748538015625 0.616949153125 0.3274853796875 0.68813559375 0.356725146875 0.7152542375000001 0.3625731
23 0.5627118640625 0.35087719375000004 0.6067796609375 0.3333333328125 0.586440678125 0.26900584843750003 0.5457627125 0.233918128125 0.47118644062500004 0.22807017499999999 0.43728813593750004 0.2514619890625 0.42033898281250004 0.30409356718749997 0.416949153125 0.368421053125 0.47796610156249997 0.368421053125 0.525423728125 0.40935672500000003 0.5627118640625 0.35087719375000004
23 0.5898305078125 0.19883040937500002 0.5932203390625 0.1228070171875 0.5661016953125 0.0643274859375 0.474576271875 0.046783625 0.42033898281250004 0.08771929843750001 0.41355932187500005 0.15204678437500002 0.44406779687500003 0.233918128125 0.5627118640625 0.233918128125 0.5898305078125 0.19883040937500002
23 0.3627118640625 0.3274853796875 0.386440678125 0.380116959375 0.4101694921875 0.368421053125 0.430508475 0.222222221875 0.40338983125 0.15204678437500002 0.3186440671875 0.1403508765625 0.271186440625 0.18128655 0.25423728749999996 0.210526315625 0.2610169484375 0.2748538015625 0.325423728125 0.29239766093749997 0.3627118640625 0.3274853796875
23 0.3491525421875 0.4912280703125 0.3762711859375 0.39766081875000003 0.35593220312499996 0.3274853796875 0.28135593281250004 0.2865497078125 0.20677966093750003 0.3099415203125 0.169491525 0.35087719375000004 0.1627118640625 0.391812865625 0.1898305078125 0.5555555562500001 0.25762711875 0.5087719296875 0.3491525421875 0.4912280703125