23 0.5240420343750001 0.57937905 0.48049125468750004 0.549374646875 0.42287291250000003 0.548368915625 0.3610487703125 0.5940805234375001 0.3392840328125 0.6755844359375 0.349677403125 0.8570800171874999 0.37587336875 0.910176865625 0.40268170156250005 0.9281913375 0.44674278437500003 0.9289604265625 0.5458493843750001 0.8838995875 0.55342319375 0.6442291828125 0.5240420343750001 0.57937905
23 0.7285235578125 0.518611003125 0.660737271875 0.5174277890625001 0.6090810734375001 0.5633168796875 0.5842332046875 0.6272204421875001 0.5947286359375 0.8028689609375 0.6211287234375 0.844271684375 0.7708709140625001 0.8117923812500001 0.80711145625 0.67790155 0.7986785484375 0.5783240046875 0.7285235578125 0.518611003125
23 0.5885197609375 0.381643815625 0.5103614109375 0.3919772453125 0.45860314999999996 0.44371339687500005 0.45090597499999996 0.49621863906249997 0.4637488046875 0.53738471875 0.51767165 0.555872478125 0.5440717390625001 0.5972752015625 0.5777607578125 0.6095609328125 0.5887451875 0.5629619156250001 0.6369100140625 0.5228607265624999 0.635153671875 0.429248565625 0.5885197609375 0.381643815625
23 0.35876081875 0.33669145 0.290260109375 0.37643767499999997 0.2753760609375 0.4522128453125 0.334852803125 0.540983675 0.34379601718749997 0.6113259078125 0.45039567031249994 0.5254539515625 0.45921551562499996 0.40863102187499994 0.43969611718749996 0.3614995578125 0.35876081875 0.33669145
23 0.27835713125 0.47566025625 0.1557294546875 0.5086128453125001 0.1236947125 0.5957863375 0.1312090734375 0.7479874468750001 0.288669746875 0.8560151250000001 0.32039830468749997 0.7863828203125001 0.331790978125 0.7163955515625 0.331361428125 0.5467715765625 0.27835713125 0.47566025625
23 0.2174302296875 0.275736075 0.1182215703125 0.326643978125 0.093679884375 0.37300635312499997 0.10437943593750001 0.536960746875 0.127798453125 0.5549160609375 0.1489508265625 0.5084945234375 0.258327428125 0.45776410468749995 0.283277359375 0.38801347812500003 0.277417278125 0.33527159218749997 0.2174302296875 0.275736075
23 0.35545225937499997 0.1377730015625 0.2806832265625 0.1481655921875 0.232314278125 0.1999609046875 0.22102366718750002 0.2641011109375 0.2611851328125 0.2940463515625 0.28717697656249996 0.3588373265625 0.3143935515625 0.35346354999999996 0.3860794546875 0.32547061093749996 0.4073338890625 0.2732020125 0.40855861875 0.20303726093750002 0.35545225937499997 0.1377730015625
23 0.5670398984375 0.252594315625 0.533555 0.2286144578125 0.4588880265625 0.233159984375 0.417603890625 0.2675324328125 0.3961453359375 0.3314951546875 0.43990023906250003 0.3498054328125 0.4761620875 0.408926825 0.5243269125000001 0.36882563749999997 0.5853345671875 0.3698905296875 0.5830679234375 0.30551368125 0.5670398984375 0.252594315625
23 0.533329571875 0.0472963578125 0.44151190625 0.0632402078125 0.41337678437500003 0.12123754687499999 0.41543930781249994 0.19730852031249999 0.44194145625000003 0.23286418125 0.560567453125 0.2349348046875 0.592500134375 0.15360837656249998 0.586844175 0.0891723671875 0.533329571875 0.0472963578125
23 0.6876050546875 0.14357075 0.602668075 0.153785859375 0.57432883125 0.2234773234375 0.5921131953125001 0.3700088515625 0.6156342734375 0.3821171015625 0.640278021875 0.32990766250000003 0.67817284375 0.29547605625 0.7428759968749999 0.27905892187500003 0.75077729375 0.2148595546875 0.7343410265625 0.18532843906250002 0.6876050546875 0.14357075
23 0.7964926578125 0.31508786718750004 0.7223359874999999 0.2903980828125 0.64705665 0.330025984375 0.625496034375 0.3998357703125 0.650977575 0.4938620578125 0.742182875 0.5130005843750001 0.8091526734375 0.5609602984375 0.8391248906250001 0.3977158328125 0.8330606890625001 0.3566680734375 0.7964926578125 0.31508786718750004