40 0.365 0.48375 0.3808333328125 0.4875 0.4058333328125 0.47874999999999995 0.4166666671875 0.465 0.4225 0.43624999999999997 0.4266666671875 0.43499999999999994 0.42833333281249997 0.42874999999999996 0.43 0.395 0.42083333281249996 0.36625 0.40083333281250005 0.34125 0.3866666671875 0.3325 0.3583333328125 0.3275 0.3383333328125 0.33375 0.325 0.34375 0.3125 0.36124999999999996 0.3083333328125 0.38 0.31083333281250003 0.41500000000000004 0.32083333281250004 0.4425 0.3366666671875 0.46375 0.365 0.48375
40 0.3183333328125 0.63625 0.34249999999999997 0.625 0.3516666671875 0.605 0.36583333281249997 0.5925 0.38333333281250004 0.58875 0.39416666718750004 0.5599999999999999 0.395 0.5325 0.385 0.50625 0.37333333281250003 0.48875 0.36 0.485 0.3433333328125 0.4725 0.3358333328125 0.4725 0.3133333328125 0.48375 0.2958333328125 0.50125 0.28250000000000003 0.525 0.2741666671875 0.55 0.2716666671875 0.585 0.2816666671875 0.6125 0.29500000000000004 0.6275000000000001 0.3183333328125 0.63625
40 0.3491666671875 0.77 0.3725 0.7725 0.3916666671875 0.76125 0.41166666718749995 0.73 0.41333333281250006 0.7175 0.42000000000000004 0.70875 0.42750000000000005 0.6799999999999999 0.42750000000000005 0.63625 0.42000000000000004 0.6125 0.40833333281249995 0.59875 0.385 0.5925 0.36666666718749996 0.595 0.3516666671875 0.61 0.3175 0.675 0.31416666718749997 0.71375 0.3241666671875 0.7474999999999999 0.3375 0.76375 0.3491666671875 0.77
40 0.44000000000000006 0.86875 0.45 0.87375 0.46666666718750005 0.8724999999999999 0.48250000000000004 0.85875 0.49916666718749997 0.8262499999999999 0.5033333328125 0.78 0.5025000000000001 0.7424999999999999 0.49416666718749996 0.7125 0.47750000000000004 0.6925 0.4583333328125 0.6837500000000001 0.43499999999999994 0.6875 0.4225 0.7025 0.4066666671875 0.7462500000000001 0.40499999999999997 0.7787499999999999 0.4108333328125 0.8162499999999999 0.4233333328125 0.8487500000000001 0.44000000000000006 0.86875
40 0.5141666671875 0.69875 0.5349999999999999 0.6849999999999999 0.5608333328125 0.645 0.5716666671875 0.60375 0.5700000000000001 0.56375 0.5533333328125 0.53125 0.5308333328125 0.52 0.5166666671875 0.52 0.495 0.5349999999999999 0.4883333328125 0.545 0.47083333281249995 0.58375 0.4625 0.61375 0.4625 0.6487499999999999 0.4725 0.6825 0.49000000000000005 0.70125 0.5141666671875 0.69875
40 0.47000000000000003 0.5525 0.4858333328125 0.545 0.5233333328125 0.51375 0.5366666671875 0.49625 0.545 0.465 0.5441666671875 0.43499999999999994 0.5375 0.41624999999999995 0.52 0.3975 0.5016666671875 0.39125 0.48250000000000004 0.39249999999999996 0.45416666718750004 0.40499999999999997 0.4375 0.42000000000000004 0.4225 0.44749999999999995 0.4183333328125 0.4725 0.42083333281249996 0.50875 0.4291666671875 0.5287499999999999 0.4425 0.545 0.47000000000000003 0.5525
40 0.43916666718749997 0.375 0.4566666671875 0.375 0.4791666671875 0.36625 0.5033333328125 0.34249999999999997 0.515 0.3225 0.5241666671874999 0.27875 0.515 0.2375 0.5066666671875 0.22000000000000003 0.49083333281249997 0.20125 0.47583333281250006 0.19875 0.4441666671875 0.22125 0.4225 0.24874999999999997 0.41166666718749995 0.26875 0.40416666718750005 0.3 0.40499999999999997 0.33999999999999997 0.42083333281249996 0.35875 0.4233333328125 0.36875 0.43916666718749997 0.375
40 0.5716666671875 0.39375 0.6016666671875 0.36625 0.6108333328125 0.34375 0.6233333328125 0.325 0.6291666671875 0.28375 0.6283333328125 0.265 0.615 0.2425 0.5983333328125 0.23125 0.5875 0.21749999999999997 0.5808333328125 0.215 0.5641666671875 0.22125 0.5525 0.2325 0.5325 0.26875 0.5166666671875 0.3225 0.5166666671875 0.36 0.5283333328125 0.38875000000000004 0.545 0.39875 0.5716666671875 0.39375
40 0.6375 0.48875 0.6558333328125 0.46749999999999997 0.6741666671875 0.45875000000000005 0.6925 0.42625 0.7025 0.40125 0.7041666671875 0.355 0.6891666671875 0.34125 0.6849999999999999 0.3275 0.675 0.31375000000000003 0.6658333328125 0.305 0.6541666671875 0.30375 0.6174999999999999 0.33625 0.6025 0.37374999999999997 0.5941666671875 0.41375 0.5941666671875 0.44625000000000004 0.6 0.47000000000000003 0.6125 0.48624999999999996 0.6375 0.48875
40 0.6541666671875 0.59375 0.6583333328125 0.6075 0.6675 0.61 0.6791666671875001 0.62375 0.7141666671875 0.63 0.73 0.6212500000000001 0.7441666671875 0.59875 0.7474999999999999 0.56125 0.74 0.5237499999999999 0.7241666671875 0.49124999999999996 0.7 0.46624999999999994 0.6808333328125 0.46125 0.6599999999999999 0.46875 0.6333333328124999 0.49874999999999997 0.6266666671875 0.5237499999999999 0.6266666671875 0.5525 0.6341666671875 0.57875 0.6416666671875 0.58875 0.6541666671875 0.59375
40 0.6133333328125 0.73625 0.6366666671875 0.7474999999999999 0.6541666671875 0.7474999999999999 0.6733333328125 0.73875 0.6891666671875 0.7125 0.6925 0.6837500000000001 0.6866666671874999 0.64375 0.6691666671875 0.61375 0.6575 0.6075 0.6533333328125 0.5962500000000001 0.6258333328125001 0.57875 0.6008333328125001 0.57875 0.5833333328125 0.5900000000000001 0.5733333328125 0.6075 0.5691666671875 0.62375 0.5691666671875 0.655 0.5766666671875 0.6849999999999999 0.5875 0.7075 0.6133333328125 0.73625
40 0.5583333328125 0.8787499999999999 0.585 0.865 0.6091666671875 0.8375 0.6233333328125 0.8087500000000001 0.6283333328125 0.765 0.6208333328125 0.74125 0.5958333328125 0.72 0.5675 0.7175 0.5466666671875 0.72375 0.53 0.735 0.5133333328125 0.75625 0.505 0.7787499999999999 0.5016666671875 0.8175000000000001 0.5066666671875 0.8375 0.5408333328125 0.87625 0.5583333328125 0.8787499999999999