40 0.43882695 0.42045020156249996 0.44316801406249995 0.4201695359375 0.4461979078125 0.414454640625 0.45541395625 0.38194456875 0.4529495734375 0.351869378125 0.43908594843750004 0.32301110624999996 0.42725069531250004 0.31129856093749997 0.40076829687500004 0.3000530984375 0.3798749515625 0.3016438890625 0.364633840625 0.3083882421875 0.348517571875 0.32262783125 0.3402398640625 0.3399599734375 0.3348025015625 0.37462530312500003 0.3383600484375 0.403669990625 0.349007365625 0.4279370796875 0.3721154953125 0.45379809375 0.3866994546875 0.46101370625 0.413027028125 0.4581117453125 0.42667578125 0.4471511265625 0.43882695 0.42045020156249996
40 0.3663590859375 0.560231053125 0.3833821046875 0.534654884375 0.39038023437499997 0.5080471656250001 0.3865414984375 0.48022044218750004 0.379110490625 0.46054453593750005 0.36696245625 0.4538913015625 0.35353484375 0.43796249062500003 0.34622706718749996 0.4362753578125 0.32177304218749997 0.44217562343749994 0.300784921875 0.45529045625000003 0.282450734375 0.47543239687499994 0.2687072078125 0.49791705625000005 0.258397996875 0.53145763125 0.2619555421875 0.56050231875 0.2715728765625 0.5781172171875 0.29233985625000003 0.5918918125 0.31841783281249997 0.5863664671875 0.33184857968750003 0.5689411171875001 0.34846404375 0.5599482984375 0.3663590859375 0.560231053125
40 0.3666277390625 0.6924297312500001 0.37509186250000004 0.6854036671875 0.38886698124999997 0.6590776609375 0.3987085890625 0.6164489703125 0.3967434015625 0.5916205484375 0.3884688265625 0.5755985296875 0.3671394703125 0.564259859375 0.3487136421875 0.5625716828125 0.330723825 0.5738129671875 0.282811028125 0.62946119375 0.27084627499999997 0.666468196875 0.272997878125 0.701602696875 0.28233402343749997 0.7204355578125 0.29229573124999997 0.7291498 0.3144686546875 0.7368345828125 0.33567478125 0.73018448125 0.36219190156250003 0.7042344390624999 0.3666277390625 0.6924297312500001
40 0.42579774375 0.8177007749999999 0.4402616046875 0.7735734546875 0.44788529375 0.73684711875 0.4465140765625 0.705741425 0.43477359531250004 0.6825048390624999 0.41806649062499995 0.6696675390625 0.3944876234375 0.66807256875 0.37893373124999996 0.67987623125 0.35366459687499996 0.718943196875 0.3447297375 0.7502353046875 0.34197789843750004 0.788086396875 0.3468466140625 0.8225653124999999 0.3585870953125 0.8458018984375 0.367206040625 0.852923259375 0.38372673125 0.85545448125 0.40224733281249997 0.8456186171875 0.42579774375 0.8177007749999999
40 0.5538652749999999 0.577862665625 0.5449366828125 0.5424464546875 0.5255440546875 0.5264233921875 0.51174048125 0.5232365859375 0.48725486250000005 0.532978196875 0.47850955156249997 0.5412222234375 0.45274122187500004 0.5750424203125 0.437872940625 0.6023989296875001 0.429999653125 0.6365018828125 0.43215125624999995 0.6716363828125 0.4449849 0.693842465625 0.46909455468749994 0.6968428578125 0.4924870078125 0.6881317484375 0.526656275 0.65496818125 0.5464911828125001 0.6172123859374999 0.5538652749999999 0.577862665625
40 0.5517199390624999 0.47601984531249997 0.557656496875 0.44660128437499996 0.555378528125 0.426832171875 0.542544884375 0.40462608906249997 0.526087378125 0.3944121734375 0.5071307625 0.391318575 0.4767117234375 0.3971245875 0.4570979546875 0.4079909546875 0.43629625 0.431411865625 0.4266125984375 0.45483382031249997 0.420894046875 0.49071711249999994 0.424514778125 0.5120791062500001 0.4338509234375 0.5309119671875 0.4589589671875 0.5444058968750001 0.47607362656249996 0.540659846875 0.5196422234375 0.518646446875 0.53657046875 0.5045943171875 0.5517199390624999 0.47601984531249997
40 0.5545443624999999 0.3304235796875 0.5733176984374999 0.289856940625 0.573665203125 0.24760212343750002 0.5694820968750001 0.22867605625 0.5582724015625 0.2068448921875 0.544219228125 0.20103469999999998 0.508302778125 0.215834578125 0.481005271875 0.23775581406250001 0.4659505765625 0.254806246875 0.45161307968750003 0.283568178125 0.44342701250000005 0.3227304390625 0.45463670624999997 0.344561603125 0.4548231203125 0.35486768125 0.468844703125 0.3645192203125 0.4858961796875 0.3684558625 0.509787828125 0.36499152343749997 0.5386776906249999 0.3472865515625 0.5545443624999999 0.3304235796875
40 0.6745018 0.3183486515625 0.67790765625 0.299891753125 0.6699774546875 0.2749690796875 0.6562686515625 0.26025823125 0.6488060531250001 0.2444236734375 0.6428726296875 0.24048807499999997 0.6252271859375 0.242828703125 0.6113288359375 0.2511659375 0.5836869578125 0.28198783125000004 0.5561683140625 0.3307984984375 0.5477326484375 0.367337375 0.55263295625 0.39797494375000003 0.566622946875 0.411467828125 0.5937309046875 0.4125946734375 0.6291481609375 0.392548028125 0.6431412843750001 0.372686753125 0.6595387421875001 0.3572292015625 0.6745018 0.3183486515625
40 0.7195238546875 0.44933354531249997 0.7315517921875 0.404643846875 0.7200293171875 0.38787199375000003 0.71906251875 0.373537109375 0.7124118953125 0.35789000937500004 0.705448490625 0.3473022203125 0.6943620296875 0.3434598296875 0.6513242171875 0.36687865 0.6282730015625 0.4000432625 0.611155209375 0.4371434734375 0.6038443 0.4688105 0.6041855375 0.493264003125 0.612709709375 0.5119094046875 0.6365065828125 0.51996910625 0.65915024375 0.5033878453125 0.6789820171875001 0.4989862109375 0.704156378125 0.4714432859375 0.7195238546875 0.44933354531249997
40 0.6794339515625001 0.6748451265625001 0.6968297999999999 0.6698811124999999 0.715694775 0.65114459375 0.7273783390624999 0.615355553125 0.728506228125 0.5771295421875 0.7203896125 0.541900790625 0.7024661109375 0.512105221875 0.6849154390625001 0.502921809375 0.66292893125 0.5055431046875001 0.630197196875 0.5287755109375001 0.618077621875 0.5516350890624999 0.611610278125 0.579648228125 0.6130130890625 0.6069125765625001 0.6180713531250001 0.618343409375 0.6291262234375 0.6260271484375 0.6300930218749999 0.6403620328125 0.6384623703125001 0.644860009375 0.64673694375 0.6608820265625 0.6794339515625001 0.6748451265625001
40 0.6365162390625 0.7496068796875 0.64623148125 0.722343578125 0.6495456984375 0.6820565609375 0.6392427546875 0.648888815625 0.629281046875 0.6401745734375 0.6277518703125 0.6282756140625 0.6048933375 0.6050379828125 0.5805340859375 0.5994142078125 0.5609519093750001 0.6064392265625 0.547271565625 0.6212411921875 0.5395562375 0.6361374109375 0.5325265171875 0.666586475 0.5330857609375 0.697504709375 0.5385800374999999 0.72186500625 0.5572839203125 0.7556893812500001 0.5774885234375 0.7718999015625 0.5945400000000001 0.7758365453125 0.615183746875 0.77162236875 0.6365162390625 0.7496068796875
40 0.565432128125 0.7870767859375001 0.5634669406249999 0.7622483640625 0.5438878984375 0.7359192234374999 0.5168431250000001 0.7271096859374999 0.4951378046875 0.72851301875 0.4763676046875 0.735725496875 0.45534789218749994 0.7526816765625 0.44216674375 0.7727304109375 0.430201990625 0.8097374140625 0.4305748203125 0.8303495703125 0.4551489421875 0.8757922375 0.4716380421875 0.8821648062499999 0.5007143203125 0.8747659125 0.5304477515625 0.853407053125 0.55071866875 0.8285807203125 0.565432128125 0.7870767859375001