40 0.32803046875 0.657589 0.342291240625 0.6736865265625 0.35659681718749997 0.6822380328125 0.3771405578125 0.6863632265625 0.40479603593749997 0.6784289765625 0.417970471875 0.6682460906250001 0.43524769843750005 0.6412924734375001 0.44135895625000005 0.6117417921875 0.4361735828125 0.5783508921875 0.4338627453125 0.57230934375 0.42958824218749997 0.5715017265625 0.42078167187500004 0.543518971875 0.40857041718750003 0.5309766875 0.3827927453125 0.5248878328125001 0.36743813125 0.5302723234375 0.34135058125 0.5531244015625 0.32782521249999996 0.575913025 0.3207545265625 0.6043076625 0.32192671875 0.63937725 0.32803046875 0.657589
40 0.2810782765625 0.49787189375 0.29682111875 0.520098075 0.3160545 0.5356729609374999 0.3396071875 0.5445094421875 0.3470661015625 0.543725478125 0.3623348609375 0.5295518140625 0.375203171875 0.52442864375 0.3849766796875 0.5058050109375001 0.3921780265625 0.4786535265625 0.388474725 0.45139128125 0.37469554375 0.42393116875 0.3568994296875 0.4220309609375 0.3415037640625 0.41108025625 0.33029674375 0.3921479953125 0.30508651875 0.3834857296875 0.2827956328125 0.39462679375 0.2711032671875 0.41093833437500005 0.26403258125 0.439332971875 0.2701773828125 0.4738799171875 0.2810782765625 0.49787189375
40 0.34098112187499996 0.40610764687499995 0.3574668765625 0.4194575484375 0.37596109843750003 0.4200274984375 0.39851330625000003 0.4113727390625 0.408678796875 0.39647856406250004 0.413655159375 0.37207470468750004 0.40908203906249996 0.328564371875 0.39861793125 0.30075583125 0.3910731609375 0.292750621875 0.3881090203125 0.28049331093749996 0.3649520671875 0.251505071875 0.34471445156249997 0.2423201625 0.32177026249999996 0.2472454640625 0.310820809375 0.254680725 0.29925910624999996 0.27223541875 0.292841721875 0.30684581718750004 0.3002072734375 0.3450351125 0.34098112187499996 0.40610764687499995
40 0.4017575390625 0.306710271875 0.415756990625 0.3203214953125 0.4393544828125 0.3216119546875 0.457501528125 0.310906425 0.47198632500000004 0.289273846875 0.477138153125 0.25856711875 0.47404710312500004 0.221185440625 0.465068821875 0.1756243390625 0.44509628125 0.14504451875 0.42791241874999997 0.1330248765625 0.41120639218750005 0.1335238640625 0.401783815625 0.139541759375 0.38729901875 0.16117433750000001 0.3782646703125 0.1948029046875 0.3763831109375 0.23270722500000002 0.3814378234375 0.2648549734375 0.4017575390625 0.306710271875
40 0.46223885156250005 0.41975753750000006 0.48369346249999995 0.4564660140625 0.49136889375 0.46571437656250003 0.5144847968749999 0.4783674203125 0.5285738546875 0.4768866015625 0.549774653125 0.4633463390625 0.56295284375 0.4292822375 0.5604292421875 0.38932714687500003 0.5453434546875 0.34943551093749997 0.5154704999999999 0.312354953125 0.493314028125 0.300857953125 0.46901842812499994 0.300897753125 0.45357420312499996 0.32137428749999997 0.4471568203125 0.3559846859375 0.450815315625 0.3907929515625 0.46223885156250005 0.41975753750000006
40 0.42841229687500004 0.5603133546875 0.44620465937500003 0.58609478125 0.46434795156249997 0.5992704671875 0.49383267656249996 0.6087403515625 0.5130250078125 0.6079800421875 0.5306046046875 0.599847925 0.5460488296875 0.579371390625 0.5507190671875 0.56002725 0.54841198125 0.5301044859374999 0.536857784375 0.499896746875 0.52176824375 0.4838863265625 0.4812071578125 0.456727334375 0.46467659843750003 0.45092345468749995 0.43811121093749994 0.4612569015625 0.42654950625000004 0.47881159531249995 0.4203523921875 0.49957310312500003 0.42165524374999996 0.53588584375 0.42841229687500004 0.5603133546875
40 0.43632277343750003 0.7392165359375 0.4491873296875 0.7579745828125 0.4736098375 0.7830591515624999 0.5074549203125 0.8021258250000001 0.5221114265625 0.79807159375 0.535898115625 0.777769275 0.5423565499999999 0.7594940703125 0.5471612015625 0.7175118640625 0.5334716312500001 0.674959709375 0.5197783046875 0.6562887703125 0.49326147656249997 0.6351949796875 0.469970109375 0.628844803125 0.45256597656249997 0.6306740515625 0.43747268124999994 0.6385448484375 0.4360316609375 0.6487513875 0.4222449734375 0.6690537078125 0.4255973453125 0.708921690625 0.43632277343750003 0.7392165359375
40 0.55649416875 0.7265860125 0.5801737640625 0.7605468625 0.5929524640625 0.7705157359375 0.61018113125 0.77498935625 0.61654995625 0.7718061953124999 0.6258866765625 0.7569991265625 0.6412860968749999 0.7440686140625 0.6521944984375 0.720298159375 0.6510633593749999 0.7015637671875 0.64095018125 0.6611494875 0.6265587484374999 0.6438088078125 0.6150904078125 0.62239024375 0.58238021875 0.5981767453125 0.5553369921875 0.5959915609374999 0.5398069109375 0.607678921875 0.5312093499999999 0.637490925 0.5351291671875 0.6747854953125 0.55649416875 0.7265860125
40 0.6151352125 0.614844221875 0.6339728578125 0.650570865625 0.6738358375 0.6790601171875 0.68530793125 0.676597465625 0.6935097578125 0.666937221875 0.7020177109375 0.6522172609375 0.7047242859375 0.63810705 0.7182048484375 0.622864446875 0.7117128703125 0.5770420234375 0.6991544390625 0.5532242609375 0.6775243625 0.5228186546875 0.6583768359375 0.5160329421875 0.63792270625 0.49681570781250006 0.6133209796875 0.5019152234375001 0.60258804375 0.5193828109374999 0.5992692171875 0.5436124546875 0.6026663921875001 0.5759344171875 0.6151352125 0.614844221875
40 0.6327335796875 0.4873060234375 0.6623900171875 0.5143542546875 0.6838931875 0.51963549375 0.7024322140625 0.512659421875 0.7238532828124999 0.48527026875 0.736202703125 0.45129327343750003 0.7397418 0.41321473906249995 0.7325069109375 0.376268596875 0.7160659593750001 0.3553726734375 0.6994047390625 0.34832564062500004 0.6652497765625001 0.3581998984375 0.6550842859375 0.3730940734375 0.64622915625 0.37653855625 0.6435225828125 0.39064876718749997 0.6316137015625001 0.39692798281249997 0.6252000718749999 0.407657165625 0.6204850296875 0.434547328125 0.6234902234375 0.4631398328125 0.6327335796875 0.4873060234375
40 0.5616947953125 0.38542347499999996 0.5734692625 0.40178232343750003 0.592049340625 0.411141446875 0.6169123875 0.40852823593750004 0.6424324921875 0.3882495703125 0.6454003890625 0.3766256640625 0.6563498421875 0.369190403125 0.6706181203125 0.3375254984375 0.672238359375 0.297134871875 0.66591809375 0.268890796875 0.6474276234375 0.24443963124999998 0.62745133125 0.2377410265625 0.6100471984375 0.23957027343749998 0.58801763125 0.25319764375 0.565331009375 0.284490465625 0.5569089140625 0.3079996 0.552585853125 0.33861922031249997 0.5558523671875 0.3696980296875 0.5616947953125 0.38542347499999996
40 0.48647487343750007 0.24376005156249997 0.50527146875 0.2631515 0.523022778125 0.27259773125 0.5443952875 0.27663581718749997 0.5723120859375 0.271187871875 0.594953903125 0.2474410703125 0.5999302671875 0.2230372109375 0.5903845375000001 0.18004952031250002 0.573290284375 0.15293783593750002 0.546381471875 0.1281145890625 0.518423621875 0.1172273390625 0.5012808093750001 0.12154289062500001 0.471351790625 0.163652003125 0.46846975 0.184065084375 0.47583529999999996 0.2222543796875 0.48647487343750007 0.24376005156249997