40 0.4760416671875 0.753703703125 0.5 0.7481481484375 0.5135416671875 0.7296296296875 0.5291666671875 0.68148148125 0.5375 0.6203703703125 0.534375 0.527777778125 0.5239583328124999 0.49259259218749996 0.48541666718750004 0.44629629687500005 0.44895833281249997 0.44629629687500005 0.41770833281249997 0.4796296296875 0.403125 0.522222221875 0.39791666718749996 0.5518518515624999 0.39791666718749996 0.6111111109375 0.40416666718750005 0.6425925921875 0.4427083328125 0.7296296296875 0.4760416671875 0.753703703125
40 0.484375 0.3018518515625 0.5052083328125 0.303703703125 0.528125 0.2870370375 0.5541666671875001 0.24444444375000002 0.5697916671875001 0.196296296875 0.5739583328125 0.15925925937500002 0.5697916671875001 0.10185185156250001 0.5541666671875001 0.0629629625 0.51875 0.0259259265625 0.48020833281249997 0.03148148125 0.4625 0.048148148437499996 0.446875 0.08148148125 0.440625 0.12407407343750002 0.440625 0.196296296875 0.45 0.25 0.47083333281249995 0.290740740625 0.484375 0.3018518515625
40 0.315625 0.6166666671875001 0.3385416671875 0.6203703703125 0.365625 0.603703703125 0.3916666671875 0.5648148140625 0.4145833328125 0.477777778125 0.415625 0.41851851875 0.40625 0.372222221875 0.390625 0.3481481484375 0.36875 0.3351851859375 0.3427083328125 0.33703703749999997 0.325 0.34444444375 0.290625 0.3796296296875 0.271875 0.4148148140625 0.259375 0.46481481406249997 0.259375 0.522222221875 0.2708333328125 0.5648148140625 0.290625 0.6 0.315625 0.6166666671875001
40 0.3447916671875 0.3333333328125 0.36875 0.32777777812500003 0.40625 0.2796296296875 0.42395833281249995 0.2388888890625 0.43125 0.196296296875 0.4302083328125 0.1296296296875 0.42083333281249996 0.08518518593749999 0.3916666671875 0.048148148437499996 0.3697916671875 0.0388888890625 0.3427083328125 0.048148148437499996 0.321875 0.0703703703125 0.30416666718749996 0.109259259375 0.29375 0.1648148140625 0.2916666671875 0.2148148140625 0.296875 0.2611111109375 0.3177083328125 0.3111111109375 0.3447916671875 0.3333333328125
40 0.20625 0.40555555625000006 0.2260416671875 0.44444444375 0.24583333281250003 0.43518518593750005 0.2510416671875 0.42592592656250006 0.2604166671875 0.36851851875 0.25625 0.290740740625 0.24895833281250002 0.259259259375 0.23125 0.2148148140625 0.215625 0.196296296875 0.18125 0.17962962968750001 0.15 0.190740740625 0.12395833281249999 0.22777777812500002 0.11145833281249999 0.2796296296875 0.1125 0.3333333328125 0.12291666718750001 0.377777778125 0.171875 0.3759259265625 0.20625 0.40555555625000006
40 0.275 0.2796296296875 0.29375 0.25555555625 0.290625 0.2203703703125 0.2927083328125 0.15370370312499998 0.3104166671875 0.0870370375 0.3083333328125 0.06851851875000001 0.2979166671875 0.05 0.2635416671875 0.0240740734375 0.22916666718749998 0.027777778125000003 0.209375 0.048148148437499996 0.19583333281249998 0.0740740734375 0.1854166671875 0.11851851875 0.1875 0.172222221875 0.23020833281250003 0.209259259375 0.2552083328125 0.2759259265625 0.275 0.2796296296875
40 0.1572916671875 0.6759259265625001 0.18125 0.690740740625 0.20416666718749998 0.6425925921875 0.23333333281250002 0.6129629624999999 0.2375 0.5388888890625 0.23020833281250003 0.4703703703125 0.215625 0.4296296296875 0.1885416671875 0.39074074062499997 0.1552083328125 0.3759259265625 0.1270833328125 0.3851851859375 0.09895833281250001 0.43148148124999997 0.08854166718749999 0.4796296296875 0.0875 0.50555555625 0.1010416671875 0.58148148125 0.1197916671875 0.6259259265625 0.1572916671875 0.6759259265625001
40 0.28125 0.8629629624999999 0.31979166718749996 0.85555555625 0.34375 0.7666666671875 0.3625 0.727777778125 0.359375 0.6851851859375 0.3395833328125 0.6370370375000001 0.3322916671875 0.6259259265625 0.2854166671875 0.603703703125 0.2552083328125 0.6074074078125 0.22395833281250002 0.6259259265625 0.196875 0.6611111109375 0.1822916671875 0.7074074078125 0.184375 0.753703703125 0.20416666718749998 0.803703703125 0.23333333281250002 0.840740740625 0.28125 0.8629629624999999
40 0.375 0.9981481484374999 0.4635416671875 0.9981481484374999 0.49375 0.9703703703125001 0.5083333328124999 0.940740740625 0.5135416671875 0.9148148140625001 0.50625 0.85 0.4739583328125 0.7796296296875 0.43645833281249996 0.7388888890625 0.40416666718750005 0.727777778125 0.3760416671875 0.7296296296875 0.3583333328125 0.746296296875 0.334375 0.8018518515625 0.321875 0.8666666671875 0.31979166718749996 0.9055555562500001 0.3260416671875 0.9259259265625 0.34375 0.9629629625 0.375 0.9981481484374999
40 0.5791666671875 0.7148148140624999 0.603125 0.7388888890625 0.6333333328124999 0.7425925921875 0.65625 0.7259259265625 0.6708333328125 0.7 0.6927083328125 0.6148148140624999 0.6947916671875001 0.5648148140625 0.684375 0.503703703125 0.6614583328125 0.45370370312499997 0.6489583328124999 0.4388888890625 0.625 0.42592592656250006 0.5958333328125 0.427777778125 0.5645833328125 0.45555555625000005 0.5479166671875 0.4888888890625 0.540625 0.5203703703125 0.5385416671875001 0.5574074078125 0.5427083328125 0.6259259265625 0.5520833328125 0.6611111109375 0.5791666671875 0.7148148140624999
40 0.30416666718749996 0.3611111109375 0.3427083328125 0.3333333328125 0.309375 0.3 0.2958333328125 0.2611111109375 0.2614583328125 0.3148148140625 0.25729166718749996 0.41851851875 0.2625 0.427777778125 0.2822916671875 0.3888888890625 0.30416666718749996 0.3611111109375
40 0.415625 0.47407407343749997 0.45 0.44259259218749997 0.484375 0.4388888890625 0.4875 0.409259259375 0.478125 0.36851851875 0.4583333328125 0.31851851875000003 0.44166666718750003 0.29444444375 0.428125 0.2833333328125 0.40520833281249996 0.2851851859375 0.3729166671875 0.3296296296875 0.39791666718749996 0.353703703125 0.4114583328125 0.3851851859375 0.4166666671875 0.42222222187499997 0.415625 0.47407407343749997
40 0.475 0.7703703703125 0.4760416671875 0.7574074078125 0.4447916671875 0.7333333328125 0.42604166718750003 0.7 0.4010416671875 0.6388888890625 0.3947916671875 0.603703703125 0.375 0.6129629624999999 0.35208333281250004 0.646296296875 0.3635416671875 0.73148148125 0.4114583328125 0.727777778125 0.46979166718750004 0.772222221875 0.475 0.7703703703125
40 0.546875 0.48518518593750004 0.5739583328125 0.440740740625 0.596875 0.4240740734375 0.625 0.42222222187499997 0.6447916671875 0.43333333281249997 0.65 0.42592592656250006 0.6302083328125 0.36296296250000004 0.6239583328125 0.3203703703125 0.5979166671875 0.296296296875 0.5677083328125 0.29444444375 0.5395833328124999 0.3129629625 0.509375 0.35555555625 0.48854166718750003 0.4296296296875 0.4875 0.44259259218749997 0.5135416671875 0.4703703703125 0.5375 0.51851851875 0.546875 0.48518518593750004
40 0.6333333328124999 0.309259259375 0.64375 0.25740740781250004 0.6635416671875001 0.222222221875 0.6854166671875 0.1981481484375 0.7145833328125 0.1851851859375 0.6895833328125 0.15555555625 0.671875 0.146296296875 0.6447916671875 0.14444444375 0.621875 0.15370370312499998 0.59375 0.17962962968750001 0.5770833328125 0.20370370312500002 0.5645833328125 0.259259259375 0.56875 0.2888888890625 0.6 0.29444444375 0.6270833328125 0.3203703703125 0.6333333328124999 0.309259259375
40 0.6114583328125 0 0.60625 0.0166666671875 0.6083333328125 0.08333333281250001 0.625 0.12407407343750002 0.6416666671875 0.1425925921875 0.6729166671875 0.1425925921875 0.7208333328125 0.1851851859375 0.728125 0.1851851859375 0.7572916671875001 0.12592592656249998 0.7552083328125 0.0703703703125 0.7375 0 0.6114583328125 0
40 0.7010416671875 0.459259259375 0.725 0.459259259375 0.7395833328125 0.45 0.78125 0.3888888890625 0.7927083328125 0.34444444375 0.790625 0.28148148125 0.7822916671875 0.25 0.759375 0.21296296250000002 0.7166666671875 0.1888888890625 0.6833333328125 0.2018518515625 0.6583333328125 0.23148148124999998 0.6427083328125 0.2629629625 0.6302083328125 0.322222221875 0.63125 0.3611111109375 0.6447916671875 0.409259259375 0.671875 0.44629629687500005 0.7010416671875 0.459259259375
40 0.79375 0.3 0.79375 0.35 0.7895833328124999 0.372222221875 0.83125 0.372222221875 0.8572916671874999 0.34444444375 0.8739583328125 0.309259259375 0.8822916671875 0.26851851875 0.88125 0.2203703703125 0.871875 0.190740740625 0.8489583328125001 0.15 0.81875 0.12407407343750002 0.7822916671875 0.12222222187500001 0.7552083328125 0.13888888906250002 0.7354166671875 0.1759259265625 0.734375 0.1925925921875 0.759375 0.21111111093749999 0.784375 0.253703703125 0.79375 0.3
40 0.7760416671875 0.5944444437499999 0.8010416671874999 0.63148148125 0.8197916671875 0.6759259265625001 0.85 0.672222221875 0.8729166671874999 0.6370370375000001 0.8802083328125001 0.6 0.8760416671875 0.509259259375 0.8614583328125001 0.45370370312499997 0.8333333328125001 0.40555555625000006 0.809375 0.39074074062499997 0.7822916671875 0.39444444375 0.7333333328125 0.46296296249999996 0.7291666671875 0.490740740625 0.728125 0.5259259265625 0.7354166671875 0.5759259265625001 0.74375 0.5851851859375 0.7760416671875 0.5944444437499999
40 0.7229166671875 0.890740740625 0.7697916671875 0.8574074078124999 0.8052083328125 0.8055555562500001 0.8208333328125 0.75555555625 0.8229166671874999 0.6888888890625 0.8072916671874999 0.6481481484375 0.7864583328125 0.6111111109375 0.76875 0.5944444437499999 0.7395833328125 0.5888888890625 0.6958333328124999 0.627777778125 0.6791666671875001 0.6851851859375 0.6583333328125 0.727777778125 0.6458333328125 0.740740740625 0.6416666671875 0.7574074078125 0.6395833328125 0.7851851859375001 0.6572916671875 0.8833333328125 0.6875 0.896296296875 0.7229166671875 0.890740740625
40 0.515625 0.9148148140625001 0.5322916671875 0.93148148125 0.5489583328125 0.9388888890624999 0.5885416671875 0.9333333328125001 0.60625 0.9166666671874999 0.6208333328125 0.890740740625 0.628125 0.8648148140625 0.6322916671875001 0.81851851875 0.6239583328125 0.7574074078125 0.5822916671875 0.722222221875 0.5510416671875 0.672222221875 0.534375 0.6777777781250001 0.5114583328125 0.7370370375 0.4927083328125 0.75555555625 0.48125 0.7574074078125 0.478125 0.76851851875 0.4791666671875 0.7870370375 0.5020833328125 0.8333333328125001 0.509375 0.8611111109375 0.515625 0.9148148140625001