40 0.4754872375 0.5052911140624999 0.509847253125 0.554770365625 0.5461668515625 0.5579479187499999 0.580203128125 0.527465046875 0.59844315625 0.48630555312499996 0.6062140609375 0.457242609375 0.611378846875 0.39820884843750004 0.607896421875 0.366302440625 0.5770871953125 0.276237478125 0.5459788984375 0.24934982187500002 0.5216275359375 0.2527961296875 0.506523403125 0.270063946875 0.4867614734375 0.31666706875 0.4731336671875 0.37681933437500004 0.4681768 0.46933194531250005 0.4754872375 0.5052911140624999
40 0.3957730140625 0.8905503296875 0.407949165625 0.9306530437499999 0.440003071875 0.9706359078125001 0.47888227499999997 0.968460621875 0.4979758171875 0.9534007593749999 0.5164465515625001 0.921556078125 0.52638495625 0.8796702875 0.5326795390625 0.8077228906249999 0.5280207984375 0.7534064609375 0.5108175328125 0.7110050078125 0.49829579375 0.6987559437499999 0.4777031375 0.69509539375 0.45342107968749995 0.70970131875 0.42376631875 0.7498621546875001 0.4040043890625 0.796465275 0.3966255890625 0.8329982265625 0.3957730140625 0.8905503296875
40 0.5822566859375 0.6354623953125 0.595724034375 0.66080666875 0.616385996875 0.6756268359375001 0.6424899671875 0.6760517109374999 0.6607765125 0.670215875 0.6980872953125 0.6381605578125 0.7198325375 0.604743434375 0.7366427578125 0.556023146875 0.7416461437499999 0.49883419062499995 0.7339436015625 0.4554050171875 0.7172938390625 0.41862876406250005 0.6938415671875 0.399846625 0.6713349046875 0.39415969687499997 0.6429020359375001 0.4084024734375 0.6135700749999999 0.4448736984375 0.5831548375 0.5295822125 0.5769523484375 0.5885251859375 0.5822566859375 0.6354623953125
40 0.5427119203124999 0.9201361484374999 0.5685396078125 0.9595742906250001 0.58952436875 0.9707048484374999 0.617311640625 0.963841290625 0.6400024906249999 0.9435193765625 0.661032828125 0.9063218531249999 0.6762518421875 0.8518855765625 0.682685034375 0.8022574171875 0.681531509375 0.7556833546874999 0.665135240625 0.7040578749999999 0.6400917609375 0.6795597484375 0.6157403984375 0.68300605625 0.5741867093749999 0.7277026453125 0.5529949734375 0.766744971875 0.5420188640625 0.8085399765625001 0.537246184375 0.87504374375 0.5427119203124999 0.9201361484374999
40 0.7291044390625 0.761704371875 0.7428717984375 0.8075230765624999 0.7568233453125 0.8273329328125 0.7896149421875001 0.8469321578125 0.8217144234375 0.83858694375 0.8508849859375 0.8039605249999999 0.8678566062499999 0.7533954328125 0.8714994890625001 0.6998053 0.8649960484375001 0.6546221078125 0.8160626171875001 0.6521999125 0.7844008171875 0.619687053125 0.768073853125 0.5792211921875 0.747550503125 0.586720259375 0.741554990625 0.595490346875 0.7272122796875 0.6518622171875 0.7245843109375001 0.7297071765625 0.7291044390625 0.761704371875
40 0.6620942609375 0.9659003374999999 0.694078859375 0.9947235859375001 0.7286458515625001 0.9940299546875 0.7501376 0.9754620562499999 0.76588733125 0.950815021875 0.780137946875 0.9074475734374999 0.782743128125 0.8537666546875 0.743425303125 0.813148278125 0.72433081875 0.744556403125 0.7049372640625 0.7391418359374999 0.68416041875 0.76149013125 0.6842069375000001 0.7968137875 0.6763211484375 0.86304519375 0.6528698171875 0.9279147906249999 0.653331228125 0.9465444140624999 0.6620942609375 0.9659003374999999
40 0.7771596859375001 0.5948875046875 0.8007505671875 0.6359888765624999 0.8326658625000001 0.6536525078125 0.8614908359375001 0.6468797375 0.8935438 0.60321086875 0.908117215625 0.5561538109375 0.9114145109375 0.530417328125 0.9045417546875001 0.453600090625 0.88973669375 0.4076906 0.8567371796875 0.3546125234375 0.8341612109375 0.33776597812500003 0.8071353609375 0.3837335890625 0.775497290625 0.41070842656249995 0.7648904984375 0.48413747812499996 0.7661826359374999 0.5530307734375 0.7771596859375001 0.5948875046875
40 0.6780453203125 0.3891700046875 0.7228051515625 0.415393090625 0.7532213328124999 0.414336309375 0.7859664125 0.3986118765625 0.8160132765625001 0.36592104999999997 0.834576103125 0.3210719453125 0.8365356859374999 0.274770246875 0.82117711875 0.2232355546875 0.7953494328125 0.18379741249999998 0.749551896875 0.157483540625 0.71051129375 0.16150363125 0.678896953125 0.2479661640625 0.6568289125 0.28507289999999996 0.65622983125 0.3277757765625 0.6717497984375 0.3774656640625 0.6780453203125 0.3891700046875
40 0.5503138984375 0.2237041265625 0.5841204109375 0.2675581765625 0.6153208 0.28144141093749997 0.643500175 0.2820478609375 0.66259371875 0.2669879984375 0.69130286875 0.21373195625000002 0.7094042859374999 0.1502532265625 0.71486908125 0.111693896875 0.710418259375 0.09085631718750001 0.696005303125 0.052416835937499996 0.667940809375 0.014641923437500001 0.5797360703125001 0.006925009375000001 0.5472216953125 0.0319642546875 0.5301114640625 0.0602101125 0.52266335625 0.085583446875 0.52427829375 0.1507871328125 0.5503138984375 0.2237041265625
40 0.3115985578125 0.41845461406249995 0.3166494015625 0.48024104999999995 0.3351210765625 0.5320481046875 0.3462823140625 0.547895990625 0.36901968125 0.56289773125 0.3982367609375 0.56359496875 0.43178883749999997 0.5386465109375 0.45129727343750003 0.5068926171875 0.461304984375 0.47616644375000006 0.46660838125000004 0.43945191718750004 0.468429353125 0.3708309828125 0.46215661875 0.3349626046875 0.43985693125 0.2791027921875 0.4180879609375 0.25303221875 0.388317378125 0.24670977968750002 0.3640353203125 0.2613157046875 0.3472478875 0.28587195468750004 0.3180317515625 0.368826453125 0.3115985578125 0.41845461406249995
40 0.730301659375 0.5926468828125 0.7071959156250001 0.62966283125 0.6829831640624999 0.655428375 0.6421671671875 0.679741321875 0.672468465625 0.715853003125 0.6825692125 0.7557741421874999 0.7214939921875 0.7052707765624999 0.734683175 0.6023248453125001 0.730301659375 0.5926468828125
40 0.540196009375 0.709857440625 0.55271775 0.7221065046875 0.5757086109375 0.7222590171875 0.6117509859375 0.6807981015625 0.5889443125 0.65463674375 0.57819796875 0.6220948234375 0.57623744375 0.5847447890625 0.5817943343749999 0.5331810359375 0.54480635 0.5615467421875 0.5102393578125 0.5622403734375 0.5045438578125 0.5914848921875 0.5103323921875 0.6328876859375 0.525690959375 0.6844223781250001 0.540196009375 0.709857440625
40 0.6343697078125 0.3983613640625 0.6601043625 0.3671521921875 0.6561140078125 0.281292503125 0.60805688125 0.2808059 0.5538191109375 0.2314464953125 0.5484691984375 0.23283736406250002 0.5463016984375 0.24566021093749998 0.5753345890625 0.27236629375 0.591108046875 0.307206953125 0.6106867312500001 0.3702644125 0.6138463562500001 0.40586043125 0.6343697078125 0.3983613640625
40 0.35834358437499997 0.625167165625 0.3608576125 0.6681424046875 0.3847019875 0.6943945484375 0.41463397031250004 0.6988721859375 0.4442659421875 0.682875390625 0.4780715125 0.6430777046875 0.5052815484375001 0.57110125 0.5074490484374999 0.5582784015625 0.48392747031249994 0.5283366453125 0.46425669375 0.47828360937500003 0.45201217812500005 0.5106730140625 0.42115831562499995 0.5525878671875 0.3968762578125 0.5671937921875 0.3686968828125 0.5665873421875001 0.3499489265625 0.5537935546874999 0.3441148140625 0.5607188375 0.35834358437499997 0.625167165625
40 0.2979517265625 0.8373778609375 0.3247706 0.841583134375 0.34840706093749996 0.834356428125 0.3786846296875 0.8109804140625 0.39738606875000004 0.7884505453124999 0.4146804875 0.734195840625 0.41311206875 0.7043158125 0.38246518281249997 0.6960577812500001 0.357744503125 0.6678700421875 0.350549890625 0.6783941484375 0.335653675 0.729140815625 0.3128707296875 0.7624671546874999 0.2889807765625 0.7845430875 0.258795303125 0.7949146781249999 0.281117778125 0.826610453125 0.2979517265625 0.8373778609375
40 0.327722309375 0.8437003015625001 0.296591225 0.8409766843750001 0.2525690859375 0.79436995625 0.245305165625 0.7937344453125 0.2110847015625 0.8502261624999999 0.208318121875 0.9057518874999999 0.2198258875 0.977397859375 0.34538792812499997 0.988383115625 0.35202903750000003 0.97223380625 0.35576401562500004 0.9056392531249999 0.342711559375 0.863600946875 0.327722309375 0.8437003015625001
40 0.1969936015625 0.724445334375 0.2165950734375 0.7633387546875 0.2570426953125 0.7910434953125 0.2913789828125 0.7810350515625 0.31886624218750004 0.753697065625 0.3371755765625 0.7236971890625 0.35479279531249996 0.6657528765625 0.35714448125 0.626921184375 0.3478507328125 0.5777760187500001 0.32409845000000004 0.5385194515625 0.2961725671875 0.5230637734375 0.27230540312499996 0.5209756671875 0.2569705671875 0.5289286718749999 0.21013627031249998 0.586175746875 0.19484795 0.6294524078125 0.191435771875 0.6923573515625 0.1969936015625 0.724445334375
40 0.09898812812499999 0.697281709375 0.09582944374999999 0.745337428125 0.1025863765625 0.7756713921875 0.12186504843749998 0.818254421875 0.1496988359375 0.846714521875 0.185857034375 0.8517368796874999 0.21428990468750003 0.8374941015624999 0.2372342484375 0.8023229593750001 0.239724546875 0.785810503125 0.216433675 0.765183559375 0.1952409953125 0.72057415 0.18993665937499998 0.673636940625 0.1942944453125 0.6238272046875 0.20038205156250002 0.6020526953124999 0.1588739390625 0.5984212046875 0.130510375 0.6238235999999999 0.110840540625 0.6574222984375 0.09898812812499999 0.697281709375
40 0.1261962828125 0.45800178437500005 0.1358821375 0.51461695625 0.15970372500000002 0.565033140625 0.18227969375 0.5818796875000001 0.209582765625 0.5805505453124999 0.2643265796875 0.5165597609375 0.2708983828125 0.48925083437500005 0.275002678125 0.454290325 0.2720965453125 0.4038450796875 0.26460192031249996 0.3938947578125 0.23324012968750002 0.3818563296875 0.21156325312500002 0.3427813359375 0.1967581921875 0.29687184375000003 0.1663420109375 0.297928625 0.1404459578125 0.3309826 0.1299540484375 0.367243190625 0.1261962828125 0.45800178437500005
40 0.22431569843750002 0.3643452109375 0.24050405000000002 0.382491840625 0.26907553125 0.390568296875 0.3160484390625 0.3556404546875 0.33765506875 0.2999040953125 0.36212131406250003 0.2592893265625 0.3757035453125 0.24746513750000002 0.3813069515625 0.2312250421875 0.38580335 0.20373454062500002 0.3767165765625 0.10441649374999999 0.3477529921875 0.088870028125 0.31198689687500003 0.091317678125 0.26238507968749997 0.12043874218749999 0.22258399843749999 0.169006515625 0.20266066875000002 0.21745444218749999 0.1947748796875 0.2836858484375 0.20678963281249998 0.32563336718749997 0.22431569843750002 0.3643452109375
40 0.4041582609375 0.1254065875 0.3959724609375 0.1711635625 0.3989479 0.232768425 0.43738942031250005 0.271451209375 0.4641627171875 0.3239845609375 0.48125016093750006 0.319902740625 0.509244409375 0.2628663 0.5295370546875 0.2460524203125 0.541113184375 0.245206275 0.545194690625 0.2344098078125 0.54577098125 0.2158709703125 0.5269765093750001 0.1677535265625 0.52213358125 0.139445940625 0.5205879515625 0.0854018734375 0.5054373015625 0.06734603125000001 0.48947965625 0.058514215625 0.44956274843750005 0.0605987171875 0.43046920625 0.075658578125 0.41368177343749996 0.1002148265625 0.4041582609375 0.1254065875