40 0.4091450671875 0.45970144218750003 0.4153334125 0.5042941187500001 0.4396489625 0.5429778062499999 0.4754374546875 0.549934384375 0.52210475 0.511842778125 0.5390436843749999 0.4792916375 0.55977876875 0.38899650937499997 0.5632590921875 0.32741810781249997 0.5571082671875 0.2771731859375 0.5473488984375 0.25641103125 0.5248907984375 0.24638608281250002 0.487576340625 0.2636575484375 0.4331353453125 0.3417413734375 0.42099322499999997 0.3714518953125 0.40968602499999995 0.42962239531249996 0.4091450671875 0.45970144218750003
40 0.3679939578125 0.9006924265625 0.3769715828125 0.9363947234375001 0.39117441406250003 0.9561340859374999 0.42794791249999997 0.968941665625 0.469780875 0.9393429234375 0.49253915 0.9041499234374999 0.5075831109375 0.8485922890625 0.5105599984375 0.8114406890625 0.5044091734375 0.7611957687500001 0.486973015625 0.7144167359375 0.46765754218750005 0.693683578125 0.44685362656249994 0.69152621875 0.4314406578125 0.6998493156250001 0.4032163921875 0.7358663453125 0.38376648750000003 0.7867945265625 0.36998583749999997 0.8576898249999999 0.3679939578125 0.9006924265625
40 0.25981219843750003 0.5400917921875 0.271504059375 0.57820819375 0.29853384374999997 0.6193059890625 0.314503425 0.629956209375 0.3397132828125 0.6367430203125 0.363659828125 0.628192171875 0.3835913015625 0.607541796875 0.40162780624999994 0.563884928125 0.411912478125 0.50551566875 0.40602430468749995 0.4157050421875 0.387881446875 0.3725616671875 0.3644758609375 0.3510334703125 0.3412735375 0.35029642031249997 0.3135527078125 0.36188664843749996 0.28741101874999997 0.3926489546875 0.26803615937499997 0.4322726484375 0.257082309375 0.48862532031250006 0.25981219843750003 0.5400917921875
40 0.23320782968749998 0.846194971875 0.243170459375 0.8877482703125 0.2593808265625 0.9135373953125001 0.2841998125 0.9277942796875 0.3074396578125 0.9228790859375 0.34313745 0.8920877859375 0.3608206046875 0.8502487453124999 0.3745637328125 0.7850056921874999 0.375533084375 0.7418043296875 0.365923803125 0.698433203125 0.3382998828125 0.644014334375 0.3158417828125 0.633989384375 0.2850158453125 0.650635578125 0.2550248296875 0.69574175 0.24107843906249998 0.74019365625 0.2335830453125 0.789672534375 0.23320782968749998 0.846194971875
40 0.078924828125 0.6954686 0.0974210375 0.736794146875 0.12597678750000002 0.753663896875 0.162900371875 0.743862503125 0.1817717953125 0.7286656140625001 0.20763517656250002 0.688416646875 0.220799825 0.6589048843749999 0.23973063906249997 0.583351140625 0.2414817328125 0.525209634375 0.23813584062499998 0.515126696875 0.220474553125 0.5022611296874999 0.19362616562499999 0.536659090625 0.15422913124999998 0.55918528125 0.10652365 0.5480257640625 0.0878179671875 0.5896660453125 0.0765482890625 0.6421843 0.078924828125 0.6954686
40 0.1201512328125 0.86006273125 0.1284972015625 0.8880961968750001 0.14403839062499998 0.9118687328125 0.177075125 0.9220634499999999 0.21576545937499997 0.9031729140625 0.229524240625 0.8869822265625 0.23510279843749998 0.8692014640625001 0.230440415625 0.8003807437500001 0.241115959375 0.7345414124999999 0.2508971953125 0.70059895625 0.237085234375 0.673389521875 0.216950496875 0.6732487500000001 0.1796892171875 0.7339203375000001 0.13069855625 0.7621277656250001 0.11840635156249998 0.8144472625000001 0.1201512328125 0.86006273125
40 0.0932526484375 0.4907372828125 0.1120271625 0.5415494875 0.137868678125 0.55600513125 0.173416384375 0.5478228078125 0.2074224703125 0.5148161609375 0.22951156562500002 0.4776065734375 0.2497432140625 0.41173824843749995 0.2597871 0.3382300859375 0.23680990781250003 0.303579575 0.223501384375 0.25194333750000003 0.197156434375 0.2619144953125 0.1508049640625 0.3038405171875 0.1239190546875 0.343890725 0.09613883749999999 0.4158378046875 0.09221446562499999 0.44148615781249995 0.0932526484375 0.4907372828125
40 0.233185709375 0.28400997656250004 0.2530577953125 0.3237164546875 0.2802001453125 0.3478575171875 0.3091467671875 0.3572571953125 0.359400740625 0.344387428125 0.3686785375 0.334871775 0.39729367656250003 0.291384671875 0.40848831093750004 0.2501709046875 0.3975031515625 0.2084188453125 0.3909458 0.1165916296875 0.35452565156250004 0.101966221875 0.3032491484375 0.11463722812499999 0.2675513578125 0.145428528125 0.23858286875 0.190733459375 0.22770406250000003 0.2357816421875 0.233185709375 0.28400997656250004
40 0.45553855624999995 0 0.43495825000000005 0.015729065625 0.41050827031250003 0.0487067171875 0.40048625 0.0675102703125 0.39511095625000003 0.1060821796875 0.39501404687499997 0.1720912765625 0.40793169687499997 0.2311975859375 0.4221345296875 0.25093694843750003 0.44938944375 0.2581212796875 0.48320792187499995 0.25337585156250003 0.527792640625 0.22053897031249997 0.57291831875 0.1576230421875 0.5924432671875 0.095390375 0.5922775234375 0.0689469828125 0.5836157281250001 0.0370791015625 0.5592626578125001 0.0040476578125 0.5384392640625 0 0.45553855624999995 0
40 0.544916203125 0.5200499 0.5549163546875 0.5559509546875 0.5802919546875 0.5891811578125 0.6085693984375 0.5965642484375 0.6345609984375 0.5884109171875 0.6496581390625 0.57625340625 0.6816942125 0.531544753125 0.7035800453125 0.47354401875 0.7110754375 0.42406514062499995 0.7058564421875 0.3362711 0.696487946875 0.308038875 0.6771724734375 0.28730571562499996 0.6468124515625 0.28517735 0.6187007515625 0.3042376515625 0.5818678640625 0.351786921875 0.565951459375 0.384536821875 0.5487873984375 0.451001425 0.5437654546874999 0.48775550624999997 0.544916203125 0.5200499
40 0.2540023 0.695542990625 0.27471551875 0.659952471875 0.313796725 0.6335918656249999 0.281263428125 0.5989703468750001 0.2650905828125 0.567528978125 0.25308289375 0.525578159375 0.246203503125 0.533673503125 0.230506015625 0.6362669171875 0.2540023 0.695542990625
40 0.3659613234375 0.6927809578125 0.388103596875 0.69897149375 0.40351656562500005 0.690648396875 0.4244705671875 0.6701967796875 0.45343905624999997 0.62489185 0.4704155109375 0.586688465625 0.47300152500000003 0.5570069375 0.43996479062500005 0.546812221875 0.41222830625 0.5093500859375 0.4033570359375 0.56044803125 0.39117739375 0.5958107953125 0.3718775765625 0.624130003125 0.34274334687499997 0.64299154375 0.3659613234375 0.6927809578125
40 0.3988509515625 0.3652613609375 0.41651224062500003 0.3781269296875 0.429361059375 0.3447807515625 0.46556228906249997 0.2895626484375 0.49032809843749997 0.2604194109375 0.5255974984375 0.2427504265625 0.52704841875 0.22982687031250001 0.522289128125 0.2270152453125 0.45654714218750003 0.25951259531250004 0.410217540625 0.2467340078125 0.38271562812500004 0.328167746875 0.3988509515625 0.3652613609375
40 0.48164145625000004 0.6435794265625 0.5031677265625001 0.6911534968749999 0.5272424906250001 0.71469828125 0.5572491625 0.7186444734374999 0.5874059203125 0.6999816921875001 0.6016681390625 0.6593642015625 0.633110078125 0.6013344734375 0.6294108359374999 0.593069365625 0.6078626984375 0.6001999062500001 0.5806077843749999 0.593015575 0.5612923109375 0.5722824156249999 0.543186975 0.5234867953125 0.54034451875 0.48897705625 0.50763926875 0.531669121875 0.47677581093750004 0.553967559375 0.4753248890625 0.566891115625 0.48164145625000004 0.6435794265625
40 0.519131096875 0.8055606921875 0.530898 0.8323726078125 0.5535593640625 0.8631887046875001 0.5742882375 0.8766505515624999 0.6012273234375 0.880000465625 0.6203770546875 0.874290234375 0.650571334375 0.849975209375 0.6244139921875 0.8316851515625 0.607534446875 0.8038794390625 0.594820059375 0.7655642765625 0.594488575 0.7126774953125 0.5904735046875 0.7005779703125 0.5589408687499999 0.720859821875 0.5272049703125 0.7203505234375001 0.5174612562500001 0.7486407359375 0.519131096875 0.8055606921875
40 0.65467598125 1 0.6685422390625 0.97043216875 0.681187796875 0.91629484375 0.6638642031249999 0.8525590812500001 0.6567065046875 0.8511677656250001 0.601543153125 0.8838348828125 0.570867303125 0.8778721015625001 0.55097335 0.8928702328125 0.5268391968749999 0.9296823015625 0.512073540625 0.9947265937499999 0.5126607625 1 0.65467598125 1
40 0.5948575796875 0.7599120328125 0.6041885546875 0.7937965015625 0.623075634375 0.8276519765625 0.6533230921875 0.8467370734375 0.6998403015625 0.8312544421875 0.729402925 0.7992705859375 0.7435901015625 0.7699575828125 0.75764905625 0.7085489453125 0.7548816453125 0.6627347171875 0.7256410625 0.5947960140624999 0.7130924171874999 0.5829242421874999 0.689574265625 0.5783527765625001 0.658470021875 0.5855123109375 0.6248172875 0.6167011296875 0.60233731875 0.6613807890625 0.5938944390625001 0.6993564203125 0.5948575796875 0.7599120328125
40 0.6816161890625 0.903172528125 0.7050217765625 0.9247007249999999 0.741163615625 0.929839475 0.7757638375 0.9101539031250001 0.8060331609375 0.8745343906249999 0.820889515625 0.847237975 0.83109914375 0.8001732031250001 0.8306926156250001 0.758590909375 0.8210458140625001 0.7208720265624999 0.8007828546875 0.6886356203124999 0.759881721875 0.6806852453125 0.7597316359375 0.7032942203125 0.7501911859375 0.7523755796875 0.73215468125 0.7960324484375 0.6994869515625 0.8330722703125 0.671412771875 0.8464803265624999 0.6692551515625 0.8630395375000001 0.6816161890625 0.903172528125
40 0.7219793421875 0.5808786609375 0.756964225 0.6574799921875 0.7828432609375 0.6662833921875 0.8091882109374999 0.65631223125 0.845983575 0.6144152046875 0.870899471875 0.5626629921874999 0.892303734375 0.4743844515625 0.8922130375 0.4366365734375 0.8764310640625 0.397725134375 0.8474844421875 0.3883254546875 0.8205985328125 0.4283756625 0.788990853125 0.459962 0.755525725 0.4628895984375 0.74557875 0.4703886640625 0.7288806015625 0.5180787078125 0.7231894796875 0.5528162015625 0.7219793421875 0.5808786609375
40 0.6890894624999999 0.29150865625 0.698886353125 0.306618565625 0.7112098703124999 0.3524038 0.716616471875 0.4119366203125 0.7521423125 0.4584589046875 0.7818331546875 0.458570684375 0.8023962859375 0.44558913906250003 0.829913853125 0.4132077640625 0.853025478125 0.37619693593750003 0.8637010203125 0.3103576046875 0.8579035453125 0.2582948546875 0.8330313828125 0.20063784999999998 0.7933779078125001 0.158972771875 0.7596719953125 0.14676146875 0.727545225 0.1537222453125 0.6914346921875001 0.24668822499999998 0.6881795 0.274353165625 0.6890894624999999 0.29150865625
40 0.5307101390625 0.24374422187499997 0.5416046 0.247748403125 0.556476609375 0.269504353125 0.567665034375 0.33204755937499997 0.5829654375 0.3406811953125 0.6231817359375 0.2975626171875 0.67079651875 0.27097425625 0.6906372953125001 0.212576003125 0.69538093125 0.16633526406250002 0.6931701328125001 0.1394943546875 0.6838016359375 0.111262128125 0.6695988046875 0.09152276718749999 0.631802778125 0.07851642656249999 0.6140289265625001 0.0826075890625 0.5944883234375 0.09578789374999999 0.578106003125 0.1473123515625 0.5656480546875 0.1731884578125 0.5343186828125 0.2142614546875 0.5297626546875 0.23224097656249998 0.5307101390625 0.24374422187499997