40 0.5373333328125 0.46506986093749997 0.596 0.46706586874999995 0.6346666671875 0.48902195624999995 0.6453333328124999 0.47704590781249995 0.6546666671875 0.41117764531249995 0.64 0.3572854296875 0.624 0.327345309375 0.5786666671875 0.281437125 0.5426666671875 0.2714570859375 0.5146666671875 0.27944111718750003 0.48266666718750006 0.31736526875000004 0.4693333328125 0.3592814375 0.46799999999999997 0.37325349375 0.4893333328125 0.46506986093749997 0.5013333328125 0.479041915625 0.5373333328125 0.46506986093749997
40 0.5066666671875 0.283433134375 0.532 0.26946107812500003 0.5733333328125 0.27345309375000004 0.5866666671874999 0.21556886249999999 0.5813333328125 0.18762475 0.5653333328125 0.16966067812500002 0.5599999999999999 0.1736526953125 0.544 0.14570858281250001 0.5013333328125 0.12974051874999998 0.47866666718750006 0.13772455156250002 0.44800000000000006 0.1676646703125 0.41733333281249996 0.2255489015625 0.42400000000000004 0.32335329375 0.46666666718750005 0.36327345312500003 0.47866666718750006 0.32335329375 0.5066666671875 0.283433134375
40 0.31466666718749997 0.435129740625 0.3333333328125 0.37524950156250003 0.3573333328125 0.3433133734375 0.38133333281250004 0.327345309375 0.42133333281249996 0.3253493015625 0.42000000000000004 0.277445109375 0.4106666671875 0.23552894218749998 0.3786666671875 0.19361277500000001 0.3466666671875 0.18163672656250002 0.3066666671875 0.19361277500000001 0.272 0.22754491093749998 0.252 0.2754491015625 0.248 0.305389221875 0.24933333281249997 0.36327345312500003 0.2813333328125 0.3872255484375 0.3093333328125 0.435129740625 0.31466666718749997 0.435129740625
40 0.21200000000000002 0.6566866265625 0.25866666718750003 0.5748503 0.3173333328125 0.5229540921875 0.3133333328125 0.45908183593749996 0.30133333281249997 0.4231536921875 0.2813333328125 0.391217565625 0.24533333281249997 0.3652694609375 0.20400000000000001 0.3652694609375 0.17733333281250002 0.3792415171875 0.156 0.407185628125 0.1413333328125 0.44910179687499996 0.1386666671875 0.5129740515625001 0.1533333328125 0.5808383234375001 0.18 0.6307385234375 0.21200000000000002 0.6566866265625
40 0.392 0.5449101796875 0.42133333281249996 0.5808383234375001 0.4386666671875 0.622754490625 0.45599999999999996 0.5409181640625 0.48666666718749996 0.48902195624999995 0.48266666718750006 0.43313373281249995 0.46266666718750005 0.371257484375 0.4226666671875 0.331337325 0.37733333281250003 0.331337325 0.33599999999999997 0.37325349375 0.3173333328125 0.43113772499999997 0.3186666671875 0.48902195624999995 0.3266666671875 0.5269461078125001 0.3693333328125 0.5309381234375 0.392 0.5449101796875
40 0.2693333328125 0.8363273453125 0.3173333328125 0.8363273453125 0.3546666671875 0.82035928125 0.384 0.7944111781250001 0.3986666671875 0.7265469062500001 0.43600000000000005 0.6746506984375 0.43600000000000005 0.6387225546875 0.42000000000000004 0.5828343312500001 0.3933333328125 0.5489021953125001 0.3533333328125 0.5309381234375 0.324 0.5309381234375 0.2906666671875 0.5469061875000001 0.25866666718750003 0.578842315625 0.22000000000000003 0.6487025953125001 0.20800000000000002 0.694610778125 0.2093333328125 0.7604790421875001 0.2293333328125 0.8103792421874999 0.244 0.8263473046875 0.2693333328125 0.8363273453125
40 0.5093333328125 0.93612774375 0.5533333328125 0.9341317359374999 0.612 0.8982035921874999 0.64 0.8542914171874999 0.6546666671875 0.788423153125 0.648 0.736526946875 0.624 0.686626746875 0.5986666671875 0.6606786421875 0.5506666671875 0.6407185625 0.496 0.6427145703125 0.45866666718750004 0.6606786421875 0.4146666671875 0.7025948109375 0.38933333281250004 0.758483034375 0.388 0.82035928125 0.4066666671875 0.8722554890625001 0.4493333328125 0.91417165625 0.5093333328125 0.93612774375
40 0.5559999999999999 0.6387225546875 0.6186666671875 0.672654690625 0.6426666671875 0.6027944109375001 0.6613333328125 0.5708582828125001 0.6626666671875 0.556886228125 0.6506666671875 0.5149700593750001 0.6226666671875 0.48303393281250007 0.5813333328125 0.46706586874999995 0.5386666671875 0.46706586874999995 0.504 0.48303393281250007 0.4773333328125 0.5089820359375 0.45466666718750004 0.550898203125 0.4453333328125 0.5908183625000001 0.44400000000000006 0.622754490625 0.45199999999999996 0.6566866265625 0.4933333328125 0.6387225546875 0.5559999999999999 0.6387225546875
40 0.6813333328125 0.3792415171875 0.7226666671875 0.34530938125 0.7746666671875 0.3333333328125 0.772 0.283433134375 0.764 0.255489021875 0.736 0.22155688593749998 0.6893333328125 0.1856287421875 0.648 0.1856287421875 0.6173333328124999 0.1996007984375 0.5906666671874999 0.22754491093749998 0.58 0.2614770453125 0.58 0.27944111718750003 0.6306666671875 0.335329340625 0.6613333328125 0.407185628125 0.6813333328125 0.3792415171875
40 0.6973333328125 0.53293413125 0.736 0.5149700593750001 0.7786666671875 0.5169660671874999 0.8186666671875 0.5449101796875 0.8413333328125001 0.4910179640625 0.844 0.435129740625 0.8346666671875 0.391217565625 0.8186666671875 0.3652694609375 0.7866666671875 0.3433133734375 0.76 0.3393213578125 0.7266666671875 0.3473053890625 0.688 0.37524950156250003 0.6626666671875 0.41516966093749996 0.6506666671875 0.45908183593749996 0.6493333328124999 0.5009980046875 0.6653333328125 0.550898203125 0.6839999999999999 0.5469061875000001 0.6973333328125 0.53293413125
40 0.6559999999999999 0.79840319375 0.6893333328125 0.8183632734374999 0.724 0.82035928125 0.7666666671875 0.8063872249999999 0.8 0.7784431140625 0.8240000000000001 0.7465069859375 0.844 0.694610778125 0.8480000000000001 0.6267465062500001 0.8373333328125 0.5808383234375001 0.8106666671875 0.5389221562500001 0.7786666671875 0.5189620765625 0.7413333328125 0.5149700593750001 0.6973333328125 0.5349301390625001 0.6653333328125 0.5688622750000001 0.6413333328124999 0.61077844375 0.624 0.668662675 0.6226666671875 0.6806387218750001 0.64 0.708582834375 0.6533333328125 0.7465069859375 0.6559999999999999 0.79840319375