40 0.554926453125 0.324960078125 0.5315106046875 0.2812114859375 0.5057824453124999 0.2675803984375 0.468494165625 0.269857528125 0.41460662656249997 0.3053371796875 0.3927313640625 0.3312964484375 0.3671803765625 0.38096161875 0.36261497343750004 0.44733101093750005 0.3705585859375 0.461263078125 0.412945221875 0.4478260359375 0.470744875 0.45807113125 0.503053234375 0.479222684375 0.517695959375 0.46805089375 0.557652803125 0.3826763828125 0.5592535609375 0.368732434375 0.554926453125 0.324960078125
40 0.619960075 0.185738403125 0.59618845 0.15007658906250002 0.575677078125 0.1375543609375 0.5306228328125 0.1443025859375 0.5091625640624999 0.168309465625 0.5047757640625 0.163295821875 0.4853904625 0.1775407484375 0.474363765625 0.20376535156250003 0.4753709265625 0.2631568296875 0.5166310140625 0.2678457328125 0.5385057984375 0.2867795625 0.5575940640625 0.331648896875 0.5610319671874999 0.37319164531250004 0.6110661328125 0.3430147359375 0.63792179375 0.24873368281250002 0.619960075 0.185738403125
40 0.7892673625 0.3319181765625 0.7796642515625 0.2809025734375 0.752810021875 0.24050433125 0.716174078125 0.22047352031249998 0.68238339375 0.2255346890625 0.642367809375 0.2598817140625 0.624523571875 0.298941403125 0.613259534375 0.3455215578125 0.65197044375 0.35579041562499997 0.6721260390625 0.3763994203125 0.6889616875 0.41262754843750005 0.694770640625 0.475080278125 0.699987428125 0.476189140625 0.737335403125 0.435153296875 0.773616046875 0.4183777875 0.7869550515625 0.3620356796875 0.7892673625 0.3319181765625
40 0.8557799671874999 0.48073546718750004 0.8407227265625 0.4489665515625 0.8175437437499999 0.42975550625 0.77711364375 0.42116182343749997 0.736505415625 0.4390580796875 0.7103025703125 0.466138090625 0.6910949171875 0.49878617812500003 0.6739025375 0.5604310265625 0.72049736875 0.6233906625000001 0.749129528125 0.7131412140625 0.7858251640625 0.6944133140625001 0.8222839359374999 0.651147865625 0.850739875 0.5878159609375 0.861411271875 0.5247850374999999 0.8557799671874999 0.48073546718750004
40 0.6867682875 0.4101207265625 0.6550530484375 0.36052684375 0.61071035625 0.3511015125 0.5632845843750001 0.38183285312500004 0.5308568359375 0.4381987234375 0.51532443125 0.492034009375 0.5345311296874999 0.5491721187499999 0.534470959375 0.632823928125 0.5601403796875 0.59542753125 0.5963025890625 0.566383246875 0.6213788890624999 0.5574291796875 0.6639431734375 0.562395296875 0.6796532281250001 0.5269631734375 0.692992234375 0.47062106718749996 0.6867682875 0.4101207265625
40 0.7429643203125 0.7036683609375001 0.7196673812500001 0.62729544375 0.695006553125 0.589404021875 0.6657215796875 0.5668545093749999 0.6370292515625 0.560755765625 0.59416840625 0.5700108125 0.5610295828125 0.5976571374999999 0.53375940625 0.6489974828125 0.5262895249999999 0.6841405093749999 0.5520172062500001 0.742664696875 0.5522535953125 0.81209534375 0.5755510109374999 0.8435751609375 0.608748575 0.8669563218749999 0.655699659375 0.8769360828125 0.6825543656249999 0.8724412265625 0.700220478125 0.8598714749999999 0.730158265625 0.8152199484375 0.74515724375 0.7510682796875 0.7429643203125 0.7036683609375001
40 0.541346765625 0.715909425 0.5070231328125 0.6657611109375 0.4742405625 0.6404275609375001 0.4211834875 0.62710933125 0.37008246875 0.6366534749999999 0.339907815625 0.6567674546875 0.3060574375 0.7005873359375 0.28874662500000003 0.74996340625 0.28939800781249997 0.8174416624999999 0.3076562859375 0.8662157796875001 0.357571065625 0.9135562921875 0.400194565625 0.924656796875 0.46344835 0.9156552046875 0.5138975078125 0.8835259046875 0.5429460921875 0.8366447718750001 0.554506690625 0.775843453125 0.541346765625 0.715909425
40 0.533760359375 0.559211284375 0.5203038765625 0.5134984218749999 0.49961485312500004 0.4825730359375 0.4690256828125 0.45974630625 0.42729138593749993 0.4508754078125 0.38354133749999997 0.45790084843749995 0.34951331093750004 0.483317565625 0.329060678125 0.521822825 0.327459921875 0.5357667734375 0.33907878125 0.5708860390625 0.34802955625 0.644209584375 0.41638169375 0.6240480796875 0.47767894375 0.6370772125 0.514374103125 0.663242409375 0.529254171875 0.631715065625 0.5345898703125 0.600199603125 0.533760359375 0.559211284375
40 0.46796121562500004 0.21464804843750002 0.4476871875 0.18177027031249998 0.42059561562500003 0.161727578125 0.3801655140625 0.1531338953125 0.3270487453125 0.1785743765625 0.292605725 0.2059434875 0.27897063593750004 0.231613659375 0.2659874078125 0.2798689875 0.314361121875 0.30239473906250003 0.3477363359375 0.344179059375 0.36148938125 0.375670759375 0.40642566875 0.3117606625 0.4676049625 0.26762792343749997 0.47133990312499996 0.250056409375 0.46796121562500004 0.21464804843750002
40 0.358525209375 0.38320310625 0.3420453375 0.3388882015625 0.31003353749999996 0.3035154828125 0.27908859218750004 0.2887755328125 0.25217466875 0.287136 0.21630901875 0.3019591203125 0.1952637421875 0.3240136109375 0.1770045109375 0.3650256890625 0.1679930890625 0.42024705312500005 0.1789596125 0.47767425937499997 0.22389542499999998 0.45865725937499996 0.266044715625 0.46557576875000006 0.3001314828125 0.491186534375 0.310268496875 0.5076254234375 0.327697265625 0.515411221875 0.3537224625 0.46992805000000004 0.361133125 0.428650634375 0.358525209375 0.38320310625
40 0.33872300625 0.5789728171874999 0.323962325 0.5329827359375 0.29971648906250004 0.49313892499999995 0.2608279296875 0.46446690625000003 0.22348043125 0.46060965156250006 0.1880297734375 0.47348038125 0.153230978125 0.5089362687500001 0.1332525546875 0.5516235218750001 0.12305536875 0.61883644375 0.13182849375 0.6737568296875 0.148664140625 0.70998495625 0.175459153125 0.7442488109375 0.21428849687499998 0.7667864437499999 0.2486126078125 0.7720416593749999 0.2853674625 0.75944814375 0.298765684375 0.7092404250000001 0.3196925265625 0.6749171625 0.3424569921875 0.6511874984375 0.34364275625 0.639195940625 0.33872300625 0.5789728171874999