40 0.5487841890625 0.323149803125 0.5238558 0.28024506250000003 0.49766759531250004 0.2675201765625 0.4604815015625 0.2710972625 0.40786501093750005 0.3084359484375 0.38690903906249996 0.33514283906250003 0.3631069078125 0.385669471875 0.36086054375 0.45215776406249997 0.3692855390625 0.465804115625 0.4111774078125 0.45089598750000004 0.4692994 0.4591176625 0.50232625625 0.4791287859375 0.516570171875 0.46745277500000004 0.5535231484375001 0.38073579999999996 0.55463629375 0.3667444796875 0.5487841890625 0.323149803125
40 0.608919428125 0.1817432953125 0.583917703125 0.1469328234375 0.5629818078125 0.1351340609375 0.5181905171875 0.1434505453125 0.49758114999999997 0.168191753125 0.49302204843749997 0.1633342609375 0.47414569687499997 0.17824704687499998 0.46404094218749997 0.20484050156250003 0.46712022343750004 0.26416065 0.508518815625 0.267406740625 0.5310410562500001 0.2855656171875 0.5516836109375001 0.3297414484375 0.556569240625 0.371138909375 0.6055197671875 0.339234215625 0.6290687078125 0.24407334687499999 0.608919428125 0.1817432953125
40 0.7832251765625 0.3219252828125 0.771847496875 0.2712759 0.7435997484375 0.23183946562500002 0.7062870578125 0.21309943437499998 0.672693590625 0.21933679687500002 0.6339010765624999 0.255059421875 0.617430871875 0.294718071875 0.6077993187499999 0.34166296093750004 0.6468450265625 0.350574571875 0.6677075875 0.3704676015625 0.6857973234375 0.4060861046875 0.6937823046875 0.4682980609375 0.6990346140625 0.46922418437499996 0.7349277078124999 0.4269099140625 0.77060079375 0.408878446875 0.7819653609375 0.3521051375 0.7832251765625 0.3219252828125
40 0.8548909140625 0.468330659375 0.8387341265625 0.4371065890625 0.8148988078125001 0.41871618125000004 0.7741934203125 0.41153872343750003 0.7342345 0.4308412828125 0.7089926953125001 0.45881926562500003 0.6909361453125 0.4921178015625 0.6759056140624999 0.5543251015624999 0.72466931875 0.6156202484375 0.7564162859375 0.7043168796875 0.792435975 0.684319728125 0.82736259375 0.6398082421875 0.853590946875 0.575521821875 0.8620560953125 0.51215686875 0.8548909140625 0.468330659375
40 0.683517771875 0.403657359375 0.6500910515625 0.35520053281249997 0.6054464312500001 0.3473284828125 0.559122059375 0.37969623750000003 0.52868120625 0.43715948281249994 0.5150370875 0.491504046875 0.5362261765625 0.5479370453125 0.5390854484375 0.6315399953124999 0.563434115625 0.5932705312500001 0.5985606671875 0.562981896875 0.6233091984375 0.5531581328125 0.6660208671875 0.556635753125 0.6804847890625 0.520676940625 0.691849359375 0.46390363125 0.683517771875 0.403657359375
40 0.7499242359375 0.6950649578125 0.7239761125 0.6195516171875 0.6980079156250001 0.582543928125 0.667953815625 0.5610301828125001 0.639066121875 0.555936503125 0.596554384375 0.5666817328125 0.5644005890625 0.5954677453125 0.538938778125 0.6477285312500001 0.5326999203125 0.6831108453125 0.56045439375 0.7407014984375 0.563113734375 0.8100816 0.5874955875000001 0.8407291718750001 0.62148891875 0.8629375109374999 0.6687596921875001 0.8712726234374999 0.6954411703125001 0.8658432890625001 0.7126578421875001 0.8526646578125 0.7410190765625 0.8069955171875 0.75377005625 0.7423594703124999 0.7499242359375 0.6950649578125
40 0.5488567078125001 0.71433491875 0.5128038328125 0.66541503125 0.47915710625 0.6412410078125 0.4256675515625 0.62978255625 0.3749307484375 0.6411042859375 0.34547644375000003 0.66225909375 0.3131759796875 0.7072336406249999 0.2975989125 0.7571837718750001 0.30060485625 0.8245981890625 0.320554203125 0.8727053890625 0.3720907359375 0.9182750640625 0.4150756734375 0.9278812671875001 0.47797677343749995 0.9166776328124999 0.527273903125 0.8828072546874999 0.5546686625 0.8349409 0.564100284375 0.7737731609375 0.5488567078125001 0.71433491875
40 0.5358062375 0.5579969953125 0.5207625953125 0.5127816046875 0.49900689531250003 0.4825970921875 0.46763971875 0.460851815625 0.4256212546875 0.4534428265625 0.3821430421875 0.46199084218750003 0.349022775 0.4885796390625 0.329926415625 0.527775228125 0.328813271875 0.541766546875 0.34165069843749996 0.5764589265625 0.3531549734375 0.649425428125 0.42076184687499996 0.62689075 0.48247646718750004 0.6377727015625 0.520062425 0.6626413171875 0.533833140625 0.630613871875 0.5380657140625 0.5989313953125001 0.5358062375 0.5579969953125
40 0.4580220921875 0.2159400140625 0.4366129984375 0.1837898171875 0.4088384484375 0.16470481718750002 0.3681330625 0.157527359375 0.315936509375 0.1848060921875 0.2824696390625 0.2133605734375 0.2697387328125 0.2394909671875 0.2584475 0.2881700078125 0.307577884375 0.30899381875 0.34239101875 0.34958790781250004 0.3572347296875 0.3805804484375 0.3999132125 0.3151410296875 0.45951502812499995 0.26890004843750004 0.46263445625 0.25120889062499996 0.4580220921875 0.2159400140625
40 0.3545352390625 0.38821165468749996 0.3365188390625 0.344498884375 0.30329205 0.310264909375 0.2718515375 0.2966139015625 0.244896790625 0.2959146515625 0.20957030781250002 0.311980434375 0.18930754375 0.3347559578125 0.1724907359375 0.3763802921875 0.1654120015625 0.431882509375 0.178376025 0.48889200781250003 0.2226207796875 0.46831835625 0.26498584687500004 0.47376166093750005 0.29994565156249997 0.49816721406250003 0.3106502 0.5142423125 0.328340071875 0.5214151124999999 0.352762075 0.47505138125 0.3587276625 0.4335404828125 0.3545352390625 0.38821165468749996
40 0.3415773625 0.5845531953124999 0.32522064375 0.5391062703125 0.2995990484375 0.5001328984375 0.2597335390625 0.47283553749999996 0.222274175 0.470284040625 0.1872942953125 0.484384140625 0.153754090625 0.5210328890625 0.1352776015625 0.5643913765625 0.1274323265625 0.6319192296875 0.1381167984375 0.68649998125 0.156206534375 0.7221184843749999 0.184181015625 0.755426334375 0.22377325781250001 0.7765951125 0.2582598640625 0.78064923125 0.29455282031249996 0.7667806625 0.30619065624999997 0.7161359375 0.3259068859375 0.681103246875 0.3478293296875 0.6565935703125 0.348595871875 0.6445679359375001 0.3415773625 0.5845531953124999